
2  0         28321        5001    0    5    5    1    5    5    2    5    5    3    5    5    3    5    5    4    6    5    4    6    1    6    6    2    6    6    5    250000    150000      7143
2  1         27500       10628    0    6    2    1    6    5    2    5    5    3    5    5    3    5    5    4    6    5    4    6    5    5    6    5    6    6    5    250000    141667     15625
2  2         27078       10628    0    5    2    1    6    5    2    5    5    3    5    5    3    6    5    4    6    5    4    6    5    6    6    5    5    6    5    250000    141667     15625
2  3         27273        5001    0    3    1    1    3    2    2    3    3    4    5    3    4    5    3    5    6    3    5    6    3    6    6    3    6    6    3    250000    150000      7143
2  4         27713       14698    0    4    2    1    4    4    2    4    4    3    6    4    3    6    4    5    6    4    5    6    5    5    6    5    6    6    5    251510    141415     15151
2  5         27291        6306    0    5    2    1    5    6    2    5    5    3    5    5    3    5    5    4    6    5    4    6    5    6    6    5    6    6    5    250000    147826      8696
2  6         27042       16819    1    0    3    2    0    3    3    3    3    5    4    3    5    4    3    6    4    3    6    4    5    6    5    6    6    5    6    265909    125000     18182
2  7         27388        5001    2    5    2    1    5    5    0    5    5    3    5    1    3    5    5    4    6    5    4    6    5    6    6    5    6    6    5    250000    150000      7143
2  8         27474       10628    0    5    5    1    6    2    2    5    5    3    5    5    3    6    5    4    6    5    4    6    5    5    6    5    6    6    5    250000    141667     15625
2  9         29247       10628    0    6    5    1    6    2    2    5    5    3    5    5    3    5    5    4    6    5    4    6    5    6    6    5    5    6    5    250000    141667     15625
2  10         27857        6306    0    5    6    1    5    2    2    5    5    3    5    5    3    5    5    4    6    5    4    6    5    6    6    5    6    6    5    250000    147826      8696
2  11         27342        5001    0    5    1    1    5    2    2    5    5    3    5    5    3    5    5    4    6    5    4    6    5    6    6    5    6    6    5    250000    150000      7143
2  12         27828       10628    0    6    5    1    6    2    2    5    5    3    5    5    3    5    5    4    6    5    4    6    5    6    6    5    5    6    5    250000    141667     15625
2  13         27049        5001    0    5    1    1    5    2    2    5    5    3    5    5    3    5    5    4    6    5    4    6    5    6    6    5    6    6    5    250000    150000      7143
2  14         28336        5001    0    5    1    1    5    5    2    5    5    3    5    2    3    5    5    4    6    5    4    6    5    6    6    5    6    6    5    250000    150000      7143
2  15         27626        6306    0    5    2    1    5    6    2    5    5    3    5    5    3    5    5    4    6    5    4    6    5    6    6    5    6    6    5    250000    147826      8696
2  16         27122       10628    0    6    5    1    6    2    2    5    5    3    5    5    3    5    5    4    6    5    4    6    5    5    6    5    6    6    5    250000    141667     15625
2  17         27896        8750    0    5    5    1    5    2    2    5    5    3    5    5    3    5    5    4    6    5    4    6    5    6    6    5    6    6    5    250000    150000      6250
2  18         27122       10628    0    6    2    1    6    5    2    5    5    3    5    5    3    5    5    4    6    5    4    6    5    5    6    5    6    6    5    250000    141667     15625
2  19         27320        6306    0    5    2    1    5    6    2    5    5    3    5    5    3    5    5    4    6    5    4    6    5    6    6    5    6    6    5    250000    147826      8696