
2  0         28665        5001    0    5    2    1    6    1    2    5    5    3    5    5    3    5    5    4    5    5    4    6    5    6    6    5    6    6    5    250000    150000      7143
2  1         28595        5001    0    3    1    1    3    2    2    3    3    4    5    3    4    5    3    5    6    3    5    6    3    6    6    3    6    6    3    250000    150000      7143
2  2         28026        5001    0    5    2    1    5    1    2    5    5    3    5    5    3    5    5    4    6    5    4    6    5    6    6    5    6    6    5    250000    150000      7143
2  3         27901        5001    0    5    2    1    5    1    2    5    5    3    5    5    3    5    5    4    6    5    4    6    5    6    6    5    6    6    5    250000    150000      7143
2  4         28224        5001    0    5    1    1    5    2    2    5    5    3    5    5    3    5    5    4    6    5    4    6    5    6    6    5    6    6    5    250000    150000      7143
2  5         28434        5001    0    5    2    1    5    1    2    5    5    3    5    5    3    5    5    4    6    5    4    6    5    6    6    5    6    6    5    250000    150000      7143
2  6         27069        5001    0    5    2    1    5    1    2    5    5    3    5    5    3    5    5    4    6    5    4    6    5    6    6    5    6    6    5    250000    150000      7143
2  7         27100        5001    0    5    2    1    5    1    2    5    5    3    5    5    3    5    5    4    6    5    4    6    5    6    6    5    6    6    5    250000    150000      7143
2  8         27425        5001    0    5    2    1    5    1    2    5    5    3    5    5    3    5    5    4    6    5    4    6    5    6    6    5    6    6    5    250000    150000      7143
2  9         27513        5001    0    5    1    1    5    2    2    5    5    3    5    5    3    5    5    4    6    5    4    6    5    6    6    5    6    6    5    250000    150000      7143
2  10         27336        5001    0    5    2    1    5    1    2    5    5    3    5    5    3    5    5    4    6    5    4    6    5    6    6    5    6    6    5    250000    150000      7143
2  11         27646        5001    0    5    2    1    5    1    2    5    5    3    5    5    3    5    5    4    6    5    4    6    5    6    6    5    6    6    5    250000    150000      7143
2  12         27918        6306    0    5    6    1    5    2    2    5    5    3    5    5    3    5    5    4    6    5    4    6    5    6    6    5    6    6    5    250000    147826      8696
2  13         27124        5001    0    5    1    1    5    2    2    5    5    3    5    5    3    5    5    4    6    5    4    6    5    6    6    5    6    6    5    250000    150000      7143
2  14         27053        5001    0    5    2    1    5    1    2    5    5    3    5    5    3    5    5    4    6    5    4    6    5    6    6    5    6    6    5    250000    150000      7143
2  15         27548        6306    0    5    6    1    5    2    2    5    5    3    5    5    3    5    5    4    6    5    4    6    5    6    6    5    6    6    5    250000    147826      8696
2  16         28192        5001    0    5    1    1    5    2    2    5    5    3    5    5    3    5    5    4    6    5    4    6    5    6    6    5    6    6    5    250000    150000      7143
2  17         27135        5001    0    5    2    1    5    5    2    5    5    3    5    1    3    5    5    4    6    5    4    6    5    6    6    5    6    6    5    250000    150000      7143
2  18         28354        6306    0    5    2    1    5    6    2    5    5    3    5    5    3    5    5    4    6    5    4    6    5    6    6    5    6    6    5    250000    147826      8696
2  19         27438        5001    0    5    1    1    5    2    2    5    5    3    5    5    3    5    5    4    6    5    4    6    5    6    6    5    6    6    5    250000    150000      7143