
2  0         27172        5003    0    1    6    3    1    5    3    2    5    4    2    5    4    5    5    5    6    5    5    6    5    6    6    6    6    6    6    250000    128572     28571
2  1         27190        5001    2    0    6    5    1    5    1    2    5    5    3    5    5    3    5    5    4    5    5    4    6    5    6    6    5    6    6      7143    250000    150000
2  2         27172       18848    3    6    2    3    5    0    5    5    3    5    5    4    5    5    4    5    5    1    5    5    6    6    6    6    6    6    6    123077     30769    253846
2  3         27172        6879    5    0    2    2    1    5    2    3    5    2    3    6    2    4    6    2    4    6    2    5    6    2    5    6    2    6    6     14792    250000    141667
2  4         27172       11867    3    0    5    3    1    6    4    2    6    4    3    6    6    4    6    6    5    6    6    5    6    6    5    6    6    6    6    121569    256862     29412
2  5         27172        5001    3    0    1    3    1    3    3    2    2    5    4    3    5    4    3    6    5    3    6    5    3    6    6    3    6    6    3    150000    250000      7143
2  6         27100       15001    0    3    2    1    2    2    3    4    3    5    4    3    5    4    4    6    4    5    6    4    5    6    4    5    6    4    6    250000     57143    100000
2  7         27172       16615    3    5    1    5    3    2    3    3    0    3    3    4    5    3    4    5    5    5    5    6    6    6    6    6    6    6    6    119355     35484    251612
2  8         27172        5001    6    1    5    1    2    5    2    3    6    6    3    6    6    0    6    6    4    6    6    4    6    6    5    6    6    5    6      7143    250000    150000
2  9         27046        9287    0    5    2    1    5    2    3    5    2    3    5    2    4    6    2    4    6    2    5    6    2    6    6    5    6    6    5    250000    120000     37143
2  10         27154       20000    0    5    4    1    6    6    2    2    4    3    3    4    3    4    5    5    4    5    5    4    6    6    4    6    6    4    6    245000     10000    150000
2  11         27172       14234    0    2    6    1    5    5    2    5    5    3    5    5    3    5    6    4    5    6    4    5    6    5    5    6    6    6    6    250000     19231    138461
2  12         27154       17632    0    4    4    1    5    5    2    4    5    3    4    5    3    4    5    4    4    6    5    6    6    6    6    6    6    6    6    250001     23684    131579
2  13         27100       19289    1    0    4    0    1    4    5    2    4    1    3    5    3    3    5    3    6    5    4    6    5    4    6    5    2    6    6     14285    235715    157143
2  14         27190       11250    0    5    5    1    5    5    2    2    5    3    3    5    3    1    5    4    4    6    4    5    6    6    5    6    6    6    6    243750     12500    150000
2  15         27190        6055    2    0    6    5    1    5    1    2    5    5    3    5    5    3    5    5    4    5    5    4    6    5    6    6    6    6    6     10525    250000    147370
2  16         27172       24092    5    0    4    4    1    4    5    2    4    5    3    4    6    3    4    6    5    5    6    5    6    6    6    6    6    6    6     68180    250004     86364
2  17         27190        9286    0    2    3    6    0    6    6    3    3    2    3    3    1    2    4    5    4    4    5    4    4    6    1    5    6    5    5    235714     14284    157144
2  18         27172        5001    6    3    1    6    0    2    5    1    0    5    3    1    6    2    2    6    4    3    6    4    3    6    5    4    6    5    4    157143    242857      7143
2  19         27064       11669    0    5    3    1    2    5    2    3    5    3    3    6    4    3    6    4    3    6    5    3    6    5    3    6    6    3    6    250000     15476    141667