
2  0         86334      504286    0    9    1   10    2   11    3   12    4   13    5   13    6   14    7   26    8   15    9   29   10   16   11   25   12   17   13   29   14   29   15   18   16   19   17   19   18   20   19   20   20   21   21   21   22   22   23   22   23   23   24   23   24   24   24   25   25   24   25   25   29   25   26   25   26   26   29   26   27   26   27   27   27    4   28   27   28   28   28   26   28   29   29   29     65714     17143
2  1         85875      138400    0    9    1   10    2   25    3   11    4   13    5   29    6   29    7   14    8   15    9   25   10   16   11   28   12   17   13   12   14   18   15   18   16   19   17   19   18   20   19   20   20   21   21   21   22   22   23   22   23   23   24   25   24   24   24   24   25   24   25   25   29   25   26   25   26   29   26   26   27   26   27   27   27   28   28   27   28   28   29   28   28   29   29   29     66000     16400
2  2         85926      610144    0    0    1   10    2   11    3   12    4   26    5   13    6   14    7   14    8    9    9   15   10   16   11   16   12   23   13   17   14   18   15   18   16   19   17   19   18   20   19   20   20   21   21   21   22   22   29   22   23   23   24   23   24   24   24   24   25   24   25   25   25   25   26   25   26   26   29   26   27   26   27   23   27   27   28   27   28   28   28   29   28   29   29   29     65214     19143
2  3         85275      590000    0    9    1   10   29   26    3   12    2    7    5   13    6   14    4   11    8   15    9    7   10   16   11    7   12   21   13   17   14   18   15   18   16   19   17   19   18   20   19   20   20   21   21   21   22   22   23   22   23   23   24   23   24   29   24   24   25   24   25   25   25   25   26   25   26   26   29   26   27   26   27   27   27   29   28   27   28   28   28   28   28   29   29   29     63000     21000
2  4         85920      168500    0   29    1   10    2   11    3   12    4   25    5   13    6   14    7   14    8   15    9   15   10   24   11   16   12   17   13   17   14   29   15   18   16   19   17   19   18   20   19   20   20   21   21   21   22   22   23   22   23   23   29   23   24   24   24   24   25   24   25   28   25   25   26   24   26   28   26   26   27   26   27    9   27   27   28   27   28   28   28   28   29   29   29   29     65500     16750
2  5         84132      121600    0   29    1   21    2   24    3   12    4   23    5   29    6   16    7   14    8   10    9   15   10   11   11   16   12   17   13   17   14   22   15   18   16   19   17   19   18   20   19   20   20   21   21   27   22   22   23   28   23   24   29   28   24   24   24   24   25   24   25   29   25   24   26   25   26   26   26    9   27   26   27   13   27   28   29   25   28   28   28   28   28   29   29   29     66000     16400
2  6         88310      567572    0    9   26   10    2   11    3   12    4   13    5   15    6   14    7   24    8   18    9   23   10   29   11   15   12   29   27   17   14   23   15   18   16   19   17   20   29   20   19   19   20   21   21   21   22   22   23   22   13   23   25   23   24   24   24   24   25   24   25   25   18   25   26   25   26   26   29   16    1   26   27   27   27   27   28   27   28   28   28   29   28   29   29   29     65214     19143
2  7         87031      538000    0    9    1   10    2   26    3   12    4   13    5   13    6   26    7   14    8   15    9   15   10   16   11   16   12   29   13   17   14   18   15   18   16   19   17   19   18   20   19   26   20   21   21   21   22   22   23   22   23   29   24   23   24   24   24   24   25   24   25   25   25   25   26   20   26   26   29   26   27   11   27   27   27   28   28   27   28   28   28   28   29   29   29   29     68000     16000
2  8         85650      578000    0    9    1   10    2   11    3   12    4   13    5   22    6   29    7   14    8   24    9   15   10   16   11   29   12   20   13   17   14   18   15   18   16   19   17   19   18   20   19   20   22   21   21   21   24   22   23   22   23   23   29   23   24   20   24   24   25   24   25   25   25   20   26   25   26   26   26   27   27   26   27   27   29   27   28   27   28   28   28   28   28   29   29   29     63500     20000
2  9         86011      550000    0    9    1   26    2   11    3   12    4   13    5   13    6   14    7   28    8   15    9   15   10   16   11   26   12   17   13   17   14   18   15   29   16   19   17   19   18   20   19   20   20   21   21   21   22   22   23   22   23   10   24   23   24   24   24   24   25   24   25   25   25   25   26   25   29   26   26   26   27   26   27   27   27   27   28   26   28   28   29   28   28   29   29   29     70000     15000
2  10         85095      578000    0    9    1   10    2   11    3   12    4   13    5   13    6    4    7   14    8   29    9   15   10   16   11   16   12   17   13   24   14   18   15   18   16   19   17   19   18   20   19   20   20   21   21   21   22   22   23   22   26   23   23   23   24   24   24   24   25   24   25   25   25   25   26   25   26   28   28   26   27   26   27   24   27   27   28   27   28   28   29   28   29   29   29   29     68000     16000
2  11         88439      542000    0    9    1   10    2   15    3   12    4   13    5   11    6   29    7   14    8   15    9    2   10   16   11   16   12   26   13   17   14   18   15   18   16   19   17   19   18   20   19   20   20   21   21   21   22   22   23   22   23   24   24   23   29   24   24   24   25   24   25   24   25   25   26   25   26   26   29   26   27   26   27   27   27    6   28   27   28   28   28   29   28   29   29   26     65334     18666
2  12         84095      598000    0   28    1   10    2   11    3   12    4   13    5   23    6   14    7   14    8   15    9   15   10   16   11   16   12   23   13   17   14   18   15   18   16   19   17   19   18   20   19   20   20   21   21   21   22   22   23   22   29   23   24   23   24   24   24   29   25   24   25   25   25   25   26   25   26   26   26   26   27   26   27   27   27   23   28   27   28   28   29   28   28   29   29   29     72000     14000
2  13         84818      550000    0    6    1   21    2   27    3   12    4   29    5   13    6   23    7   14    8   29    9   24   10   16   11   17   12   10   13   27   14   29   15   18   16   19   17   19   18   20   19   20   20   21   21    9   22   22   23   22   23   23   24   23   24   29   24   29   25   24   25   25   25   25   26   15   26   26   26   26   29   26   27   27   27   27   28   27   28   11   28   28   28   29   29   29     65332     17334
2  14         86683      597250    0    9    1   10    2   11    3   12    4   13    5   29    6   14    7   14    8   15    9   15   10   29   11   16   12   17   13   26   14    7   15   18   16   19   17   19   18   20   19   20   20   21   21   21   22   22   23   22   23   23   24   23   24   24   24   24   25   24   25   27   25   25   26   25   29   26   26   26   27   26   27   27   29   27   28   27   28   28   28   28   28   29   29   29     63250     20125
2  15         86057      171000    0    9    1   10    2   11    3   29    4   13    5   13    6   12    7   14    8   15    9   15   10   16   11   16   12   17   13   28   14   27   15   18   16   19   17   19   18   20   19   20   20   21   21   21   22   22   23   22   23   27   24   23   24   24   24   29   25   28   25   25   25   28   26   25   26   26   26   26   27   26   29   27   27   27   29   27   28   28   28   28   28   29   29   29     66000     16500
2  16         84586      170858    0   29    1   10    2   11    3   12    4   13    5   24   16   14    7   14    8   15    9    9   10   16   11   25   12   17   13   25   29   13   15   18   27   19   17   19   18   20   19   20   20   21   21   21   22   22   23   22   23   23   24   26   24   17   24   24   25   24   28   25   25   25   26   25   29   26   26   26   14   26   27   27   27   26    6   27   28   28   28   29   28   29   29   29     65858     16571
2  17         84672      590000    0    9    1   10    2   29    3   12    4   13    5   28    6   20    7   14    8   15    9    7   10   26   11   16   21   29   13   17   14   26   15   18   16   20   17   19   18   20   19   18   11   21   25   21   22   22   23   22   23   23   24   19   24   24   24   24   29   20   25   25   29   25   25   24   26   26   26   26   27   26   27   27   27   20   12   27   28   28   28   28   28   29   29   29     65000     20000
2  18         86876      627500    0    9   28   10    2   18    3    5    1   29    5   13    6   14    7   18    8   15    9   15   10   16   11   16   12   17   13   23   14   23   15   29   16   19   17   19   18   20   19   20   20   21   21   21   22   28    4   22   23   23   24   23   24   24   24   24   29   25   25   25   25   25   26   25   26   25   26   26   27   22   27   27   27   27   28   27   29   28   28   28   28   29   29   29     72000     15750
2  19         86905      516668    0    9    1   10    2   11    3   12    4   13    5   13    6   14    7   21    8   15    9   27   10   29   11   16   12   17   13   17   14   18   15   18   16   19   17   19   18   20   19   20   20   21   21   21   22   22   23   22   23   23   24   28   24   29   24   24   25   24   25   25   25   25   26   27   26   26   26   26   27   28   29   27   27   27   28   27   28   28   28   28   29   29   29   29     66667     16666