
1  0          9556        5001    0    1    1    0    1    2    0    1    2    0    2    2    0    2    2    2    2    0    7    0    0    157143    242857      7143
1  1         20262        9289    1    0    1    1    0    1    1    0    2    2    0    2    0    3    2    0    5    1    4    1    0    235715    157143     14285
1  2          9811        5003    0    1    0    0    1    0    2    0    0    0    2    0    0    2    0    3    1    6    4    2    3    130000    250000     26667
1  3          1825        5001    1    0    0    0    2    1    0    2    1    2    0    0    2    0    0    0    4    7    4    1    0    250000    100000     57143
1  4         10807       10457    0    1    0    2    0    0    0    1    0    0    2    0    0    2    0    1    2    6    6    1    3    127273    250000     28788
1  5          8524        5003    1    0    0    1    0    0    0    3    0    2    0    0    2    0    0    0    6    4    3    0    5    250000     86667     70000
1  6          4110       10836    2    0    0    0    1    0    0    1    0    4    0    0    2    1    0    1    2    6    0    4    3    125000    254166     27778
1  7          4063        9335    0    1    0    3    0    1    1    0    2    0    2    0    0    2    0    3    0    6    2    4    0     48668    250000    108999
1  8          2896        8335    1    0    0    1    0    0    0    0    4    2    0    0    1    2    1    1    6    0    3    1    4    250000     91667     65000
1  9         17301        9286    1    0    1    1    0    1    1    0    2    0    3    2    0    3    2    2    2    1    4    1    0    235714    157144     14284
1  10          8196        9326    1    0    2    1    0    2    1    0    3    0    3    1    0    3    1    2    2    0    4    1    0    234054    163784      8648
1  11          9399        5001    1    0    0    1    0    1    1    0    1    2    0    0    0    3    7    2    2    0    2    4    0    250000    150000      7143
1  12          2847       10457    0    1    0    0    1    0    2    0    0    0    2    0    0    2    0    1    2    6    6    1    3    127273    250000     28788
1  13          6942        5001    0    1    1    0    1    2    0    1    2    0    2    2    0    2    2    2    2    0    7    0    0    157143    242857      7143
1  14         19925        9287    1    0    0    1    1    0    1    2    0    2    1    0    2    1    0    0    4    5    2    0    4    245238      9524    152381
1  15          9280        9287    1    0    1    1    0    1    1    0    2    2    0    2    2    0    2    0    5    1    2    4    0    235714    157143     14286
1  16          7525       12451    1    0    0    0    2    0    1    0    0    2    0    0    2    0    0    0    6    1    3    1    8    250000    128723     27660
1  17          2988        9287    1    1    0    1    1    0    2    1    0    2    2    0    2    2    0    1    0    5    0    2    4     14286    235714    157143
1  18         18031        7728    1    0    0    1    0    0    0    1    4    2    0    0    2    0    0    0    6    2    3    2    3    250000    121818     34546
1  19          2052        9763    1    0    0    1    0    1    1    0    1    0    3    6    2    0    0    2    2    0    2    4    1    250000    147619      9524