
1  0        135749      150600    0    1    1    0    1    1    0    1    1    0    1    1    0    0    2    0    1    1    1    2    0    0    1    1    0    0    2    1    1    1    4    0    0    1    2    0    1    1    1    1    1    1    1    0    2    1    1    1    0    2    1    1    1    1    3    0    1    1    3    0    2    1    1    2    1    1    2    2    0    2    3    1    0    2    5    3    2    3    0    0    7    4    2    3    7    2    2    4    7    0     20000     28500     34600
1  1        112679      503800    2    0    1    0    1    1    0    0    3    0    1    1    0    1    1    0    1    1    0    1    1    0    2    0    0    0    3    3    0    1    0    2    0    1    1    1    1    1    1    5    0    0    2    0    2    0    0    4    0    1    2    2    0    2    0    2    0    2    1    1    0    0    4    1    2    0    3    0    2    0    4    0    2    5    0    3    2    3    2    5    0    3    4    0    5    1    6    5    4    1     18200     40500     24750
1  2        130408       53340    0    0    1    0    0    1    0    1    1    0    1    1    0    1    1    0    0    1    0    1    1    0    1    1    0    1    1    1    0    1    1    0    1    1    1    1    1    0    1    2    0    1    2    0    1    2    0    1    2    0    1    2    0    1    2    0    1    2    1    1    3    0    1    3    0    1    3    0    1    2    0    2    2    2    3    2    1    3    2    2    3    1    4    3    3    8    3    3   17    2     13333      6666     63334
1  3         92705      217250    1    0    1    1    1    0    1    2    0    2    0    0    0    1    2    1    2    0    0    1    2    0    1    2    2    0    0    1    0    2    1    2    0    1    0    2    0    3    1    0    1    3    0    1    3    2    1    0    1    1    1    0    4    0    1    0    2    2    1    0    1    2    1    1    2    1    0    1    3    2    2    1    2    3    3    5    0    1    1    3    6    2    5    2    5    1    2    6    1    1     36500     20250     24875
1  4        133273      596672    1    0    1    0    3    0    1    1    0    1    0    1    1    0    1    2    0    0    1    1    0    1    2    0    1    2    0    1    1    1    2    0    0    1    2    0    2    0    1    2    1    0    1    2    0    1    0    2    1    0    2    1    0    2    2    1    0    3    0    0    0    3    1    1    2    1    0    4    0    3    2    0    1    4    4    3    0    5    3    2    3    3    2    3    2    3    6    0    4    8     39666     23334     23334
1  5        113848       64520    1    0    0    1    0    0    1    0    1    1    0    1    1    0    1    1    0    1    1    0    1    1    1    0    1    0    1    1    1    0    1    1    0    1    1    0    1    1    1    1    2    0    1    2    0    1    2    0    1    2    0    1    2    0    1    2    0    1    3    0    1    3    0    1    3    0    1    2    0    2    2    0    3    3    1    3    2    2    3    1    3    2    2   11    4    1    2    2    3   16     62904     13548      7096
1  6        104103       78572    0    0    1    0    0    1    1    0    1    0    1    1    1    0    1    0    1    1    0    1    1    1    0    1    1    0    1    1    0    1    1    0    1    1    0    1    1    0    1    2    0    1    2    0    1    2    0    1    2    0    1    2    0    1    2    0    1    2    2    1    3    0    1    3    0    1    3    0    1    2    0    2    2    3    3    1    4    3    0    5    3    0    5    3    0    4    4    6   16    1     13570      8572     61428
1  7        114739       60002    1    0    0    1    0    0    1    0    1    1    0    1    1    0    1    1    0    0    1    0    1    1    0    1    1    1    0    1    1    0    1    1    0    1    1    0    1    1    0    1    2    0    1    2    0    1    2    0    1    2    0    1    2    0    1    2    0    1    2    2    1    3    0    1    3    0    1    2    0    2    2    0    3    2    2    3    2    2    3    2    2    2    3   10    4    0    4    2    4   15     63334     13333      6666
1  8        129546       64340    1    0    0    1    0    0    1    1    0    1    1    0    1    0    1    1    0    1    1    0    0    1    0    1    1    0    1    1    1    0    1    1    0    1    1    0    1    1    0    1    2    0    1    2    0    1    2    0    1    2    0    1    2    0    1    2    0    1    3    0    1    2    1    1    2    1    1    3    0    2    2    0    2    4    7    3    2    2    3    0    6    3    2    2    4    2    1    2    2   18     63000     13500      7055
1  9         91412      508500    0    0    3    0    0    3    1    0    1    1    0    1    0    3    1    1    0    1    1    0    1    1    0    1    1    0    1    2    0    0    1    1    1    1    2    0    1    2    0    1    3    0    1    0    2    0    1    3    0    0    4    0    2    2    0    0    4    2    1    0    0    1    3    0    6    0    1    2    1    0    6    2    5    1    0    2    5    2    3    1    3    4    2    1    5    3    1    7    0    0     42625     16875     24375
1  10        105032       50004    1    0    0    1    0    0    1    0    1    1    0    0    1    0    1    1    0    1    1    0    1    1    0    1    1    0    1    1    1    0    1    1    0    1    1    0    1    1    0    1    2    0    1    2    0    1    2    0    1    2    0    1    2    0    1    2    0    1    3    0    1    2    1    1    3    0    1    3    0    2    2    0    3    1    4    3    3    0    3    1    4    3    1    4    4    1    1    1    6   22     63968     13016      6270
1  11        115958       51250    1    0    0    1    0    0    1    0    1    1    0    1    1    0    1    1    0    0    1    0    1    1    0    1    1    0    0    1    1    0    1    1    0    1    1    0    1    1    0    1    2    0    1    2    0    1    2    0    1    2    0    1    2    0    1    2    0    1    3    0    1    3    0    1    2    1    1    3    0    2    2    0    3    1    4    3    1    4    3    2    2    3    3    0    4    0    4    1    6   22     63750     13125      6250
1  12        106698      582634    2    2    0    0    1    1    0    2    1    0    1    1    1    0    1    0    1    1    2    4    0    2    2    0    0    1    1    0    2    1    1    0    1    0    0    2    3    1    0    2    1    1    3    2    0    1    1    1    1    1    1    0    1    2    0    1    2    2    0    1    0    0    2    2    0    1    4    0    0    1    2    2    5    1    2    1    0    4    1    5    3    0    0    5    3    5    3    5    5    2     23053     11263     51737
1  13        122963       50864    1    0    0    1    0    0    1    0    0    1    0    0    1    1    0    1    1    0    1    1    0    1    1    0    1    1    0    1    0    1    1    0    1    1    0    1    1    0    1    1    0    2    1    0    2    1    0    2    1    0    2    1    0    2    1    0    2    1    1    2    1    0    3    1    0    3    1    0    3    2    2    1    2    6    5    3    2    2    3    0    3    3    4    1    4    4    0    2   18    3     63714      6286     13143
1  14         94899       56600    0    0    1    0    0    1    1    0    1    1    0    1    1    0    1    1    0    1    1    0    1    1    0    1    1    0    1    0    1    1    0    1    1    0    1    1    1    1    1    0    2    1    0    2    1    0    2    1    0    2    1    0    2    1    0    2    1    1    2    1    2    2    1    0    3    1    1    2    1    0    2    2    1    3    3    8    3    2    3    2    3    1    3    3    1    2    4   16    2    2      8085     14680     60640
1  15         99187       66670    1    0    0    1    0    0    1    0    0    1    1    0    1    1    0    1    1    0    1    1    0    1    1    0    1    1    0    1    0    1    1    0    1    1    0    1    1    0    1    1    0    2    1    0    2    1    0    2    1    0    2    1    0    2    1    0    2    1    1    2    1    0    3    1    1    2    1    0    3    2    0    2    3    5    0    3    4    1    2    6    5    3    1    2    4    1    1    2   17    5     65668      5167     12166
1  16        115349      525334    0    1    1    1    0    1    2    1    0    2    0    1    2    1    0    1    0    1    0    0    2    1    2    0    0    4    0    2    2    0    0    2    1    3    0    0    0    4    0    2    2    0    0    1    2    2    0    1    1    1    1    2    0    1    0    2    1    0    1    2    1    0    2    0    0    3    3    0    1    1    2    2    4    4    1    2    1    4    1    4    3    5    3    1    3    4    3    1    0    7     25334     22333     37667
1  17        127738       53346    0    1    0    0    1    0    1    1    0    0    1    1    1    1    0    1    1    0    1    1    0    1    1    0    1    1    0    0    1    1    0    1    1    1    1    1    0    1    1    0    1    2    0    1    2    0    1    2    0    1    2    0    1    2    0    1    2    0    1    3    1    1    2    0    1    3    0    1    2    0    2    2    2    3    2    6    3    0    2    3    2    5    2    5    0    4    2   19    2    2      6667     63333     13334
1  18        129420       65720    0    0    1    0    0    1    1    0    1    0    0    1    1    0    1    0    1    1    0    0    1    1    0    1    0    0    1    1    1    1    0    1    1    0    1    1    0    1    1    0    2    1    0    2    1    0    2    1    0    2    1    0    2    1    0    2    1    0    3    1    1    2    1    0    3    1    1    2    1    0    2    2    8    4    2    4    1    3    4    1    3    0    3    3    2    1    4   18    3    2      6286     13143     63714
1  19        101992       54484    1    0    0    1    0    0    1    0    1    1    0    1    1    0    1    1    0    1    1    0    1    1    0    1    1    0    1    1    1    0    1    1    0    1    1    0    1    1    0    1    2    0    1    2    0    1    2    0    1    2    0    1    2    0    1    2    0    1    3    0    1    3    0    1    2    2    1    2    2    2    2    0    3    2    1    2    3    9    3    1    4    3    2    2    4    1    1    2    5   14     63794     13103      6207