
2  0         27392       10628    0    6    5    1    6    2    2    5    5    3    5    5    3    5    5    4    6    5    4    6    5    6    6    5    5    6    5    250000    141667     15625
2  1         28037       10628    0    6    5    1    5    2    2    5    5    3    5    5    3    6    5    4    6    5    4    6    5    5    6    5    6    6    5    250000    141667     15625
2  2         27089        5001    0    5    2    1    5    1    2    5    5    3    5    5    3    5    5    4    6    5    4    6    5    6    6    5    6    6    5    250000    150000      7143
2  3         27438        5001    0    3    1    1    3    2    2    3    3    4    5    3    4    5    3    5    6    3    5    6    3    6    6    3    6    6    3    250000    150000      7143
2  4         28109       14698    0    4    2    1    4    4    2    4    4    3    6    4    3    6    4    5    6    4    5    6    5    5    6    5    6    6    5    251510    141415     15151
2  5         27716       10628    0    6    2    1    6    5    2    5    5    3    5    5    3    5    5    4    6    5    4    6    5    6    6    5    5    6    5    250000    141667     15625
2  6         27042       16819    1    0    3    2    0    3    3    3    3    5    4    3    5    4    3    6    4    3    6    4    5    6    5    6    6    5    6    265909    125000     18182
2  7         27190        5001    0    5    5    1    5    1    2    5    5    3    5    5    3    5    5    4    6    5    4    6    2    6    6    5    6    6    5    250000    150000      7143
2  8         28066        5001    0    5    1    1    5    2    2    5    5    3    5    5    3    5    5    4    6    5    4    6    5    6    6    5    6    6    5    250000    150000      7143
2  9         28721       10628    0    6    2    1    6    5    2    5    5    3    5    5    3    5    5    4    6    5    4    6    5    5    6    5    6    6    5    250000    141667     15625
2  10         27925       10628    0    6    5    1    6    2    2    5    5    3    5    5    3    5    5    4    6    5    4    6    5    6    6    5    5    6    5    250000    141667     15625
2  11         27540        5001    0    5    1    1    5    2    2    5    5    3    5    5    3    5    5    4    6    5    4    6    5    6    6    5    6    6    5    250000    150000      7143
2  12         27201        6306    0    5    6    1    5    2    2    5    5    3    5    5    3    5    5    4    6    5    4    6    5    6    6    5    6    6    5    250000    147826      8696
2  13         27128        5001    2    5    2    1    5    1    0    5    5    3    5    5    3    5    5    4    6    5    4    6    5    6    6    5    6    6    5    250000    150000      7143
2  14         27082        6306    0    5    6    1    5    2    2    5    5    3    5    5    3    5    5    4    6    5    4    6    5    6    6    5    6    6    5    250000    147826      8696
2  15         27738        6306    0    5    2    1    5    6    2    5    5    3    5    5    3    5    5    4    6    5    4    6    5    6    6    5    6    6    5    250000    147826      8696
2  16         27936       10628    0    6    5    1    6    2    2    5    5    3    5    5    3    5    5    4    6    5    4    6    5    5    6    5    6    6    5    250000    141667     15625
2  17         27021       11250    0    5    5    1    5    1    2    5    5    3    5    5    3    5    5    4    6    5    4    6    5    6    6    5    6    6    5    250000    150000      6250
2  18         27540        5001    0    5    1    1    5    2    2    5    5    3    5    5    3    5    5    4    6    5    4    6    5    6    6    5    6    6    5    250000    150000      7143
2  19         27507        6306    0    5    2    1    5    6    2    5    5    3    5    5    3    5    5    4    6    5    4    6    5    6    6    5    6    6    5    250000    147826      8696