
1  0         21352      664000    0    0    2    6    6    6    6    6    4    0    0    5    3    0    5    3    3    1    3    3    6    3    3    6    5    3    4    125000         0    297500
1  1         21416       76875    1    5    6    1    5    2    1    0    5    6    0    6    5    0    5    5    0    6    3    3    6    3    3    4    3    3    4     87500     62500    253125
1  2         21158      162000    5    1    6    6    5    2    4    5    5    0    0    6    6    0    6    2    1    5    3    3    6    3    3    4    3    3    4     25000    125000    261000
1  3         21329      238125    4    2    5    4    6    6    5    4    1    6    0    6    0    2    5    5    3    6    6    2    1    3    3    6    3    3    2    228125     31250    140250
1  4         21587      136250    6    6    1    6    5    6    5    5    2    1    6    6    0    0    5    3    0    6    3    3    5    3    3    4    3    3    4     20500    127250    260000
1  5         21642      497500    6    6    6    0    6    2    2    6    6    0    6    5    3    0    1    6    0    5    3    3    4    3    3    5    3    3    4     23000    136000    255000
1  6         21098       58750    4    1    6    4    1    4    6    6    5    4    0    5    0    1    6    5    3    6    3    0    2    3    3    6    3    3    5     87500     81250    237500
1  7         21344      153750    6    4    4    1    1    5    6    2    4    5    0    6    0    5    5    2    0    5    6    3    5    3    3    6    3    3    4    255000         0    156250
1  8         21420       56875    1    0    2    1    5    4    3    0    5    5    3    6    5    0    6    6    0    6    0    3    5    3    3    6    3    3    4    127500     30625    250000
1  9         21457      202250    5    2    5    5    5    6    6    0    6    5    0    1    5    3    6    3    3    5    3    2    4    3    3    6    3    3    4     13000    124500    271750
1  10         21854      165000    0    0    6    6    5    5    2    4    6    4    0    5    5    0    6    5    3    6    1    0    6    3    0    4    3    3    4    250000         0    150000
1  11         21089      110000    4    2    5    4    0    6    4    4    1    3    0    6    5    2    5    3    6    6    3    3    5    3    3    6    3    3    4     25000    125000    255000
1  12         21274       57000    2    5    5    2    5    4    0    3    6    6    6    6    6    6    1    0    3    5    3    3    5    3    3    6    3    3    4    130000     22000    252000
1  13         21732      109000    2    0    4    6    0    5    6    0    6    0    0    1    2    0    6    6    3    4    3    3    5    3    3    6    3    3    5    130000     24000    250000
1  14         21195      153400    2    4    6    2    0    1    6    3    0    6    0    6    6    0    5    6    3    5    3    3    5    3    3    4    3    3    4    143000      4200    262400
1  15         21790      180000    5    4    6    3    2    6    0    4    5    3    0    1    0    2    5    5    0    5    3    3    6    3    3    6    3    3    4     18750    118750    262500
1  16         21209      197000    1    6    6    2    1    6    6    5    5    0    5    2    0    1    5    5    0    6    3    3    4    3    3    6    3    3    4     56500    112000    229500
1  17         21544      155000    1    0    6    5    5    2    1    3    6    5    0    6    0    1    6    5    0    5    3    3    4    3    3    5    3    3    4    100000     50000    260000
1  18         21857      165000    2    3    5    1    1    6    6    0    6    0    0    5    5    3    6    4    3    6    5    3    6    3    3    4    3    3    4    250000         0    150000
1  19         21323       81250    4    2    6    5    6    4    1    5    4    1    0    5    6    0    5    6    2    5    3    3    6    3    3    6    1    3    6     85000    125000    201250