
1  0         11773      134000    3    0    0    0    1    1    0    2    0    0    1    1    0    1    1    0    1    1    0    1    1    1    0    2    1    0    2    3    0    1    1    1    1    1    1    1    0    2    0    0    2    1    0    1    2    0    0    3    1    2    0    1    2    0    2    0    2    0    1    2    0    3    0    1    0    3    3    1    0    0    1    4    4    2    3    4    2    3    3    4    1    5    3    1    4    3    3    4    4    2     19250     36000     27000
1  1         76067      118668    1    1    0    2    0    1    0    2    0    0    2    0    2    0    1    0    2    0    1    0    2    0    1    1    0    2    0    1    1    1    2    1    0    1    1    1    2    1    0    1    1    1    1    1    1    0    0    3    0    1    2    2    0    2    0    1    2    0    2    1    0    3    0    2    1    1    1    0    3    0    4    0    7    2    1    6    3    0    1    5    1    2    2    4    5    2    4    2    0    9     19500     36666     27000
1  2         85694      115500    1    1    0    1    1    0    1    1    0    2    0    0    1    1    0    0    1    2    0    2    1    0    2    1    1    1    0    2    0    0    0    3    0    1    1    1    1    1    1    0    2    2    2    0    1    1    2    0    0    3    0    1    2    0    1    2    0    1    2    1    0    2    2    1    0    3    1    2    0    2    2    1    6    0    1    2    0    8    4    1    3    3    3    2    0    3   10    6    1    2     36000     27000     19750
1  3         12095      121906    2    0    0    1    0    2    1    0    2    2    0    0    1    1    0    0    2    0    1    1    0    1    1    0    1    1    0    1    1    1    1    1    1    0    2    1    0    2    1    0    3    0    0    2    1    0    0    5    2    0    1    3    0    0    0    2    1    1    1    2    0    3    0    1    2    0    1    2    0    4    0    1    3    2    4    3    2    4    2    3    4    4    2    1    1    6    3    5    0    7     33000     32953     16428
1  4         70883      104000    1    0    1    0    0    3    2    0    0    0    1    2    2    0    0    2    0    0    1    1    0    2    0    0    2    0    0    0    2    1    0    2    1    1    1    1    1    1    1    1    2    0    0    2    2    0    1    3    0    3    0    1    2    0    2    0    1    0    3    1    1    2    0    2    0    1    0    2    2    1    2    3    4    0    5    1    3    6    2    5    1    0    3    7    5    4    0    8    0    0     35000     28000     20000
1  5         29238      114000    2    0    0    0    2    0    1    1    0    1    1    0    1    0    2    2    0    0    0    1    2    1    0    2    1    1    0    2    0    1    1    1    1    0    2    1    2    0    1    1    2    0    1    0    3    3    0    0    0    3    0    1    1    1    0    3    0    1    2    0    3    0    0    1    0    4    1    2    0    2    1    3    1    2    7    0    6    2    3    1    5    3    1    5    3    5    1    4    4    1     33000     32000     19000
1  6         64134       88000    2    0    0    1    0    2    0    0    4    0    2    0    1    0    2    0    2    0    0    1    2    1    1    0    0    0    4    0    2    1    1    1    1    2    0    1    0    0    4    0    2    1    3    0    0    3    0    0    0    2    1    1    0    3    3    0    0    1    1    2    0    3    0    2    1    0    2    1    0    0    4    0    7    0    1    3    3    2    0    4    5    0    4    5    6    3    0    3    5    1     30000     35000     18000
1  7         88967       71000    2    0    0    1    2    0    0    2    1    1    0    1    1    3    0    2    1    0    0    0    2    1    0    1    2    1    0    0    0    2    1    1    1    0    5    0    1    1    1    2    2    0    0    1    2    0    1    2    3    0    0    2    2    0    0    1    2    2    0    1    2    0    1    1    2    1    0    4    1    2    1    2    2    1    4    5    0    2    1    0    5    1    3    4    5    6    1    2    2    5     30000     15250     38500
1  8         31058      119336    2    0    0    0    1    2    0    1    2    2    0    0    1    1    0    1    0    2    2    0    0    1    1    0    1    1    0    0    2    1    2    0    1    0    2    1    1    1    1    2    0    1    2    1    0    0    3    0    0    0    5    0    2    1    1    1    1    1    1    2    0    2    2    1    2    0    0    3    0    0    1    7    4    3    0    2    4    2    4    2    2    2    2    5    3    4    3    7    1    1     33000     32666     16667
1  9         71972      110896    0    2    0    0    0    2    2    1    0    0    0    2    0    1    1    4    0    0    0    2    0    2    1    0    0    2    0    1    0    2    3    0    1    1    1    1    1    2    0    0    2    1    1    2    0    0    3    0    1    2    0    3    0    1    1    1    1    2    1    1    2    2    0    0    1    2    4    0    1    1    1    3    2    1    5    5    2    2    2    1    5    0    3    4    3    2    5    1    6    2     17499     32947     32411
1  10         28340      109334    1    1    0    1    1    0    1    2    0    1    0    1    1    0    1    0    1    2    2    0    0    2    0    0    1    2    0    1    2    0    1    1    1    2    0    0    0    0    3    1    3    0    1    3    0    2    1    0    1    3    0    1    3    0    0    0    3    1    0    2    1    4    0    0    0    4    2    1    0    1    0    4    3    0    4    1    3    5    3    5    1    2    4    3    3    0    6    5    2    2     38499     17167     27500
1  11         83739       99030    1    0    1    0    0    2    2    0    0    2    0    0    1    0    1    2    0    0    1    2    0    2    0    0    1    0    1    1    1    1    1    3    0    1    1    1    0    1    2    0    5    0    0    3    1    0    5    0    0    0    3    2    1    0    2    0    1    1    0    2    1    0    2    1    2    1    2    0    1    1    3    2    2    2    4    0    1    7    4    3    1    0    8    3    4    1    4    7    0    1     34349     17883     30302
1  12         86843       88000    0    0    2    0    1    1    0    0    2    2    1    0    0    1    1    0    1    1    2    1    0    2    1    0    0    0    2    1    1    1    1    2    0    1    2    0    1    0    2    0    3    0    0    3    0    1    0    2    0    0    3    0    3    0    3    0    1    0    2    1    0    0    3    0    0    3    0    0    3    4    1    1    5    3    1    2    3    3    4    5    0    1    7    0   11    0    2    1    1    7     20000     30000     33000
1  13         83764       88896    1    1    0    0    1    1    3    0    0    1    0    2    3    0    0    1    0    2    3    0    0    1    0    2    0    2    0    0    1    2    0    2    0    1    1    1    0    2    0    1    0    3    0    2    1    0    1    2    1    2    0    1    0    3    3    0    1    0    1    3    0    1    3    1    2    0    0    2    1    3    2    0    5    3    0    1    3    4    4    3    1    0    5    2    3    3    4    5    2    4     23333     37779     22222
1  14         24031       88000    2    0    0    0    0    5    1    1    0    1    0    3    0    2    0    2    0    0    2    0    0    1    1    0    2    0    0    2    0    1    2    0    1    0    2    0    1    1    1    0    2    1    0    2    1    0    2    1    0    2    1    1    1    1    0    2    1    0    2    2    3    0    0    2    0    3    0    2    2    0    3    3    3    2    4    3    3    1    4    2    2    1    4    4    3    5    0    6    1    4     33000     38000     12000
1  15         78813      100478    2    0    0    0    0    3    1    0    2    1    1    0    0    1    2    0    1    2    1    0    2    1    1    0    0    2    0    2    0    1    2    0    1    2    0    1    0    0    4    1    2    0    1    2    0    1    0    3    1    2    0    2    1    0    2    1    0    0    1    3    0    0    5    1    2    0    2    1    0    0    3    3    0    7    0    1    3    5    5    0    4    4    3    0    0    8    1    9    0    0     30143     32857     19952
1  16         31732      103754    2    0    0    0    2    0    0    2    0    0    1    2    2    0    0    1    1    0    0    0    4    0    1    2    2    0    0    0    0    5    1    1    1    0    1    3    1    0    3    1    1    1    0    2    1    0    2    1    2    1    0    0    2    1    0    2    1    1    2    0    0    1    4    2    0    2    3    0    0    1    2    3    7    0    0    3    4    0    1    5    2    4    2    2    1    7    1    7    0    3     32813     32917     16771
1  17         70080      440000    4    0    0    1    1    0    0    1    1    0    0    3    0    2    0    3    0    1    3    0    1    0    1    1    2    1    0    0    2    0    2    0    2    1    1    1    1    1    1    0    1    2    0    2    0    0    1    2    0    2    0    0    1    2    0    2    0    1    1    2    0    1    2    0    0    4    0    0    4    1    3    0    3    3    2    4    1    5    3    3    2    0    5    0    2    4    3   11    2    1     15000     45000     25000
1  18         28712      122546    1    0    1    3    0    0    1    0    1    1    0    1    1    0    1    3    0    0    1    0    1    1    0    1    1    0    1    0    0    2    1    3    0    0    0    2    0    0    2    2    0    1    3    1    0    0    0    2    0    0    2    1    1    1    2    0    1    0    1    2    1    2    1    1    2    1    2    1    1    0    1    3    0    3    4    4    6    1    0    6    3    0    8    2    4    6    2    8    1    2     21819     17454     44000
1  19         26294      103046    1    0    1    0    0    2    0    0    2    1    0    1    2    0    0    1    2    0    1    0    1    1    0    1    0    4    0    2    1    0    1    1    1    2    1    0    0    1    2    0    1    2    1    1    1    0    1    2    0    0    3    1    1    1    0    1    2    3    0    0    2    0    1    0    4    1    1    2    1    0    5    2    6    2    0    0    6    4    0    4    5    2    2    4    7    1    1    7    1    1     32935     16848     32608