
0     11773.00      134000.00
1     76067.00      118668.00
2     85694.00      115500.00
3     12095.00      121906.00
4     70883.00      104000.00
5     29238.00      114000.00
6     64134.00       88000.00
7     88967.00       71000.00
8     31058.00      119336.00
9     71972.00      110896.00
10     28340.00      109334.00
11     83739.00       99030.00
12     86843.00       88000.00
13     83764.00       88896.00
14     24031.00       88000.00
15     78813.00      100478.00
16     31732.00      103754.00
17     70080.00      440000.00
18     28712.00      122546.00
19     26294.00      103046.00