
1  0         90316      510644    1    1    0    1    1    0    1    1    0    1    1    0    1    1    0    1    1    0    1    1    0    1    1    0    1    1    0    0    1    1    0    1    1    0    1    1    0    1    1    0    1    2    0    1    2    0    1    2    0    1    2    0    1    2    0    1    2    0    1    2    0    1    2    0    1    2    0    1    2    0    2    2    3    3    3    1    3    3    1    3    3    5    3    3    2    4    2   21    1    2      9047     57302     16349
1  1         90064      529252    0    1    1    0    1    1    0    1    1    0    1    1    0    1    1    0    1    1    0    1    1    0    1    1    1    1    1    1    0    1    1    0    1    1    1    1    1    0    1    1    1    1    2    0    1    2    0    1    2    0    1    2    0    1    2    0    1    2    0    1    2    1    1    2    0    1    3    1    1    2    0    2    3    5    3    3    1    3    3    2    3    3    1    3    2    2    4    1   18    1     17169     11509     55662
1  2         90280      150390    1    1    0    1    1    0    1    1    0    1    1    0    1    1    0    1    1    0    1    1    0    1    1    0    1    1    0    1    0    1    1    0    1    1    0    1    1    1    1    1    0    2    1    0    2    1    0    2    1    0    2    1    0    2    1    0    2    1    0    2    1    0    2    1    0    2    1    0    2    2    0    2    3    2    3    3    1    3    3    3    3    3    3    3    4    2    2    1   21    2     56953      9047     16524
1  3         90082      173600    1    0    1    1    0    1    1    0    1    1    0    1    1    0    1    1    0    1    1    0    1    1    0    1    1    0    1    1    1    1    1    1    1    1    1    1    1    1    1    1    1    1    1    2    0    1    1    1    1    1    1    1    2    1    1    1    1    1    2    1    1    2    1    1    2    2    1    2    1    2    2    1    3    3    3    3    3    2    3    4    0    3    4    0    4    2    1    1    4   12     54800     16400     11200
1  4         90136      164910    1    0    1    1    0    1    1    0    1    1    0    1    1    0    1    1    0    1    1    0    1    1    0    1    1    0    1    1    1    0    1    1    0    1    1    0    1    1    0    1    2    0    1    2    0    1    2    0    1    2    0    1    2    0    1    2    0    1    2    0    1    2    0    1    2    0    1    2    0    2    2    0    3    3    1    3    3    4    3    3    1    3    3    1    4    2    4    1    2   22     55640     17180      8635
1  5         90100      467276    0    1    1    0    1    1    0    1    1    0    1    1    1    1    1    0    1    1    0    1    1    0    1    1    0    1    1    1    1    1    1    1    1    1    1    1    1    1    1    1    1    1    1    1    1    1    1    1    1    1    1    1    1    1    1    1    1    2    1    1    2    1    1    2    1    1    2    1    1    1    2    2    3    1    3    3    1    3    3    1    3    3    2    3    3    1    4    7   11    1     14104     11129     58853
1  6         90100      503342    0    1    0    0    1    1    0    1    1    0    1    1    0    1    1    1    1    1    0    1    1    0    1    1    0    1    1    1    1    1    1    1    0    1    1    0    1    1    0    2    1    0    2    1    0    2    1    0    2    1    0    2    1    0    2    1    0    2    1    0    2    1    0    2    1    0    2    1    0    2    2    0    2    3    3    3    3    6    3    3    1    3    3    1    2    4    1    2    1   21     14842     60316      9047
1  7         90100      103098    0    0    1    0    1    1    0    1    1    0    1    1    0    1    1    0    1    1    0    1    1    0    1    1    0    1    1    1    1    1    1    0    1    1    0    1    1    1    1    1    1    1    2    0    1    2    0    1    2    1    1    2    1    1    2    0    1    2    0    1    2    0    1    2    1    1    2    1    1    2    0    2    3    1    3    3    1    3    3    1    3    3    1    3    2    2    4    3   21    1     16182      8273     57727
1  8         90064      460000    1    1    0    1    1    0    1    1    0    1    1    0    1    1    0    1    1    0    1    1    0    1    1    0    1    1    1    1    1    1    1    1    1    1    1    1    1    1    1    1    1    1    1    1    1    1    1    2    1    1    1    1    1    1    1    0    2    1    1    2    1    2    1    1    1    2    1    1    2    2    1    2    3    1    4    3    2    3    3    1    4    3    1    4    4    2    3    1   11    2     48567     18027     16568
1  9         90064      493048    1    0    1    1    0    1    1    0    1    1    0    1    1    0    1    1    0    1    1    0    1    1    0    1    1    0    1    1    1    0    1    1    0    1    1    0    1    1    0    1    2    0    1    2    0    1    2    0    1    2    0    1    2    0    1    2    0    1    2    0    1    2    0    1    2    0    1    2    0    2    2    0    3    3    1    3    3    1    3    3    2    3    3    5    4    2    1    1    2   23     60580     14710      8261
1  10         90118      147000    0    1    1    0    1    1    0    1    1    0    1    1    0    1    1    0    1    1    0    1    1    0    1    1    0    1    1    1    0    1    1    1    1    1    0    1    1    0    1    2    1    1    2    1    1    2    0    1    2    0    1    2    0    1    2    1    1    2    1    1    2    0    1    2    1    1    2    0    1    2    1    2    3    1    3    3    1    3    3    2    3    3    1    3    2    1    4    2   20    1     16500      9000     57000
1  11         90118      163000    1    0    1    1    0    1    1    0    1    1    0    1    1    0    1    1    0    1    1    0    1    1    0    1    1    0    1    1    1    1    1    1    1    1    1    1    1    1    1    1    1    1    1    1    1    1    2    1    1    2    1    1    2    0    1    2    1    1    2    1    1    2    1    1    2    1    1    2    1    2    2    2    3    3    1    3    4    1    3    3    2    3    4    1    4    2    2    1    2   11     48500     16500     17500
1  12         90136      151000    1    0    1    1    0    1    1    0    1    1    0    1    1    0    1    1    0    1    1    0    1    1    0    1    1    0    1    1    1    1    1    1    1    1    1    1    1    1    1    1    2    1    1    2    0    1    2    1    1    2    1    1    2    1    1    2    0    1    2    1    1    2    1    1    2    1    1    2    1    2    2    1    3    3    2    3    3    2    3    3    1    3    3    2    4    2    3    1    2   10     48000     16500     18000
1  13         90100      523432    0    1    1    0    1    1    0    1    1    0    1    1    0    1    1    0    1    1    0    1    1    0    1    1    0    1    1    1    1    1    1    1    1    1    1    1    1    1    1    1    1    1    1    1    1    1    1    1    2    1    0    1    1    1    2    1    1    2    1    1    2    1    1    3    1    1    2    1    1    2    2    1    4    3    1    3    3    2    3    3    4    4    3    1    2    4    1    3    1   10     14714     51572     18428
1  14         90118      152000    1    0    1    1    0    1    1    0    1    1    0    1    1    0    1    1    0    1    1    0    1    1    0    1    1    0    1    0    1    1    1    1    1    0    1    1    0    1    1    0    2    1    0    2    1    1    2    1    1    2    1    1    2    1    0    2    1    1    2    1    0    2    1    0    2    1    1    2    1    0    2    2    1    3    3    1    3    3    1    3    3    1    3    3    4    2    4   19    2    1      9000     16500     57000
1  15         90118      135592    0    1    1    0    1    1    0    1    1    0    1    1    0    1    1    0    1    1    1    0    1    0    1    1    0    1    1    1    1    1    1    1    1    1    1    1    2    0    1    1    1    1    1    1    1    1    1    1    1    1    1    1    1    1    1    1    1    2    1    1    2    1    1    2    1    1    2    2    1    2    1    2    3    1    3    3    1    3    3    1    3    3    2    3    3    1    4    5   13    1     16483     10966     55034
1  16         90064      122000    1    1    0    1    1    0    1    1    0    1    0    1    1    0    1    1    1    0    1    1    0    1    1    0    1    1    0    1    1    1    1    1    1    1    0    1    1    1    1    1    1    1    1    0    2    1    0    2    1    0    2    1    1    1    1    0    2    1    1    2    1    1    2    1    1    2    1    2    2    2    1    2    3    1    3    3    1    3    3    3    2    3    2    3    4    3    1    1   14    4     56000     10000     17000
1  17         90118      199000    0    1    1    0    1    1    0    1    1    0    1    1    0    1    1    0    1    1    0    1    1    0    1    1    0    1    1    1    1    1    1    1    1    1    1    1    1    1    1    1    1    1    2    1    1    2    1    1    2    1    1    2    1    1    2    1    1    2    1    1    2    1    1    2    1    1    2    1    1    2    2    2    3    1    3    3    1    3    3    1    3    3    1    3    2    1    4    3   12    1     16500     12410     53590
1  18         90100      548000    1    1    1    1    0    1    1    0    1    1    1    0    1    0    1    1    0    1    1    0    1    1    0    1    1    1    1    1    1    1    1    1    1    1    1    1    1    1    1    1    1    1    1    1    1    1    1    1    1    1    1    1    1    1    1    1    1    1    2    1    1    3    0    1    2    1    1    3    1    2    2    2    3    4    1    3    3    3    3    3    1    3    3    1    4    2    2    1    2   11     52000     15000     18000
1  19         90118      498572    1    1    0    1    1    0    1    1    1    1    1    0    1    1    0    1    1    0    1    1    0    1    1    0    1    1    1    1    1    1    1    1    1    1    1    1    1    1    1    1    1    1    1    1    1    1    1    1    1    1    1    1    1    1    1    1    2    1    1    2    1    1    2    1    2    2    1    1    2    2    1    2    3    2    3    3    2    3    3    2    3    3    1    5    4    2    3    1    8    2     44760     25714     14764