    1    1    0    1    1    0    1    1    0    1    1    0    1    1    0    1    1    0    1    1    0    1    1    0    1    1    0    0    1    1    0    1    1    0    1    1    0    1    1    0    1    2    0    1    2    0    1    2    0    1    2    0    1    2    0    1    2    0    1    2    0    1    2    0    1    2    0    1    2    0    2    2    3    3    3    1    3    3    1    3    3    5    3    3    2    4    2   21    1    2
    0    1    1    0    1    1    0    1    1    0    1    1    0    1    1    0    1    1    0    1    1    0    1    1    1    1    1    1    0    1    1    0    1    1    1    1    1    0    1    1    1    1    2    0    1    2    0    1    2    0    1    2    0    1    2    0    1    2    0    1    2    1    1    2    0    1    3    1    1    2    0    2    3    5    3    3    1    3    3    2    3    3    1    3    2    2    4    1   18    1
    1    1    0    1    1    0    1    1    0    1    1    0    1    1    0    1    1    0    1    1    0    1    1    0    1    1    0    1    0    1    1    0    1    1    0    1    1    1    1    1    0    2    1    0    2    1    0    2    1    0    2    1    0    2    1    0    2    1    0    2    1    0    2    1    0    2    1    0    2    2    0    2    3    2    3    3    1    3    3    3    3    3    3    3    4    2    2    1   21    2
    1    0    1    1    0    1    1    0    1    1    0    1    1    0    1    1    0    1    1    0    1    1    0    1    1    0    1    1    1    1    1    1    1    1    1    1    1    1    1    1    1    1    1    2    0    1    1    1    1    1    1    1    2    1    1    1    1    1    2    1    1    2    1    1    2    2    1    2    1    2    2    1    3    3    3    3    3    2    3    4    0    3    4    0    4    2    1    1    4   12
    1    0    1    1    0    1    1    0    1    1    0    1    1    0    1    1    0    1    1    0    1    1    0    1    1    0    1    1    1    0    1    1    0    1    1    0    1    1    0    1    2    0    1    2    0    1    2    0    1    2    0    1    2    0    1    2    0    1    2    0    1    2    0    1    2    0    1    2    0    2    2    0    3    3    1    3    3    4    3    3    1    3    3    1    4    2    4    1    2   22
    0    1    1    0    1    1    0    1    1    0    1    1    1    1    1    0    1    1    0    1    1    0    1    1    0    1    1    1    1    1    1    1    1    1    1    1    1    1    1    1    1    1    1    1    1    1    1    1    1    1    1    1    1    1    1    1    1    2    1    1    2    1    1    2    1    1    2    1    1    1    2    2    3    1    3    3    1    3    3    1    3    3    2    3    3    1    4    7   11    1
    0    1    0    0    1    1    0    1    1    0    1    1    0    1    1    1    1    1    0    1    1    0    1    1    0    1    1    1    1    1    1    1    0    1    1    0    1    1    0    2    1    0    2    1    0    2    1    0    2    1    0    2    1    0    2    1    0    2    1    0    2    1    0    2    1    0    2    1    0    2    2    0    2    3    3    3    3    6    3    3    1    3    3    1    2    4    1    2    1   21
    0    0    1    0    1    1    0    1    1    0    1    1    0    1    1    0    1    1    0    1    1    0    1    1    0    1    1    1    1    1    1    0    1    1    0    1    1    1    1    1    1    1    2    0    1    2    0    1    2    1    1    2    1    1    2    0    1    2    0    1    2    0    1    2    1    1    2    1    1    2    0    2    3    1    3    3    1    3    3    1    3    3    1    3    2    2    4    3   21    1
    1    1    0    1    1    0    1    1    0    1    1    0    1    1    0    1    1    0    1    1    0    1    1    0    1    1    1    1    1    1    1    1    1    1    1    1    1    1    1    1    1    1    1    1    1    1    1    2    1    1    1    1    1    1    1    0    2    1    1    2    1    2    1    1    1    2    1    1    2    2    1    2    3    1    4    3    2    3    3    1    4    3    1    4    4    2    3    1   11    2
    1    0    1    1    0    1    1    0    1    1    0    1    1    0    1    1    0    1    1    0    1    1    0    1    1    0    1    1    1    0    1    1    0    1    1    0    1    1    0    1    2    0    1    2    0    1    2    0    1    2    0    1    2    0    1    2    0    1    2    0    1    2    0    1    2    0    1    2    0    2    2    0    3    3    1    3    3    1    3    3    2    3    3    5    4    2    1    1    2   23
    0    1    1    0    1    1    0    1    1    0    1    1    0    1    1    0    1    1    0    1    1    0    1    1    0    1    1    1    0    1    1    1    1    1    0    1    1    0    1    2    1    1    2    1    1    2    0    1    2    0    1    2    0    1    2    1    1    2    1    1    2    0    1    2    1    1    2    0    1    2    1    2    3    1    3    3    1    3    3    2    3    3    1    3    2    1    4    2   20    1
    1    0    1    1    0    1    1    0    1    1    0    1    1    0    1    1    0    1    1    0    1    1    0    1    1    0    1    1    1    1    1    1    1    1    1    1    1    1    1    1    1    1    1    1    1    1    2    1    1    2    1    1    2    0    1    2    1    1    2    1    1    2    1    1    2    1    1    2    1    2    2    2    3    3    1    3    4    1    3    3    2    3    4    1    4    2    2    1    2   11
    1    0    1    1    0    1    1    0    1    1    0    1    1    0    1    1    0    1    1    0    1    1    0    1    1    0    1    1    1    1    1    1    1    1    1    1    1    1    1    1    2    1    1    2    0    1    2    1    1    2    1    1    2    1    1    2    0    1    2    1    1    2    1    1    2    1    1    2    1    2    2    1    3    3    2    3    3    2    3    3    1    3    3    2    4    2    3    1    2   10
    0    1    1    0    1    1    0    1    1    0    1    1    0    1    1    0    1    1    0    1    1    0    1    1    0    1    1    1    1    1    1    1    1    1    1    1    1    1    1    1    1    1    1    1    1    1    1    1    2    1    0    1    1    1    2    1    1    2    1    1    2    1    1    3    1    1    2    1    1    2    2    1    4    3    1    3    3    2    3    3    4    4    3    1    2    4    1    3    1   10
    1    0    1    1    0    1    1    0    1    1    0    1    1    0    1    1    0    1    1    0    1    1    0    1    1    0    1    0    1    1    1    1    1    0    1    1    0    1    1    0    2    1    0    2    1    1    2    1    1    2    1    1    2    1    0    2    1    1    2    1    0    2    1    0    2    1    1    2    1    0    2    2    1    3    3    1    3    3    1    3    3    1    3    3    4    2    4   19    2    1
    0    1    1    0    1    1    0    1    1    0    1    1    0    1    1    0    1    1    1    0    1    0    1    1    0    1    1    1    1    1    1    1    1    1    1    1    2    0    1    1    1    1    1    1    1    1    1    1    1    1    1    1    1    1    1    1    1    2    1    1    2    1    1    2    1    1    2    2    1    2    1    2    3    1    3    3    1    3    3    1    3    3    2    3    3    1    4    5   13    1
    1    1    0    1    1    0    1    1    0    1    0    1    1    0    1    1    1    0    1    1    0    1    1    0    1    1    0    1    1    1    1    1    1    1    0    1    1    1    1    1    1    1    1    0    2    1    0    2    1    0    2    1    1    1    1    0    2    1    1    2    1    1    2    1    1    2    1    2    2    2    1    2    3    1    3    3    1    3    3    3    2    3    2    3    4    3    1    1   14    4
    0    1    1    0    1    1    0    1    1    0    1    1    0    1    1    0    1    1    0    1    1    0    1    1    0    1    1    1    1    1    1    1    1    1    1    1    1    1    1    1    1    1    2    1    1    2    1    1    2    1    1    2    1    1    2    1    1    2    1    1    2    1    1    2    1    1    2    1    1    2    2    2    3    1    3    3    1    3    3    1    3    3    1    3    2    1    4    3   12    1
    1    1    1    1    0    1    1    0    1    1    1    0    1    0    1    1    0    1    1    0    1    1    0    1    1    1    1    1    1    1    1    1    1    1    1    1    1    1    1    1    1    1    1    1    1    1    1    1    1    1    1    1    1    1    1    1    1    1    2    1    1    3    0    1    2    1    1    3    1    2    2    2    3    4    1    3    3    3    3    3    1    3    3    1    4    2    2    1    2   11
    1    1    0    1    1    0    1    1    1    1    1    0    1    1    0    1    1    0    1    1    0    1    1    0    1    1    1    1    1    1    1    1    1    1    1    1    1    1    1    1    1    1    1    1    1    1    1    1    1    1    1    1    1    1    1    1    2    1    1    2    1    1    2    1    2    2    1    1    2    2    1    2    3    2    3    3    2    3    3    2    3    3    1    5    4    2    3    1    8    2
