
2  0         14214       42500    5    4    6    4    5    1    6    5    6    6    6    1    6    4    1    0    5    1    2    6    1    5    3    4    3    3    3    260000     94500     51000
2  1         13168       45000    6    0    1    5    0    6    6    0    2    6    0    1    5    0    5    4    5    2    6    5    5    3    6    4    3    3    4    230000     50000    130000
2  2         18212       55000    5    6    3    2    3    4    5    5    1    6    3    5    6    3    1    0    3    5    4    3    4    6    3    3    6    3    3    270000     20000    120000
2  3         11196       95000    5    5    6    0    5    4    0    5    6    0    0    1    0    5    2    0    5    6    3    5    6    5    3    3    6    3    4     25000    125000    260000
2  4         11496       21250    6    0    6    5    3    6    6    3    0    5    3    1    3    3    2    6    3    5    3    3    4    6    3    5    3    3    4    150000      6250    250000
2  5         14927       41000    0    5    2    5    0    6    0    6    6    0    5    5    0    6    1    3    6    5    3    3    3    3    6    4    3    6    4     33000    118000    255000
2  6         19765       33750    6    6    6    6    6    2    0    5    6    5    5    5    6    6    3    5    3    5    0    3    1    3    3    4    6    3    4    125000     31250    250000
2  7         11131       55000    6    5    4    5    0    6    6    0    6    6    0    5    0    0    1    2    3    5    2    3    4    3    3    6    5    3    3    130000     30000    250000
2  8         10457       35000    5    2    2    5    1    6    5    4    6    0    0    6    5    0    1    5    0    6    3    2    6    3    3    4    3    4    4    160000     30000    220000
2  9         14793       41000    0    5    2    0    6    1    5    6    5    0    0    6    0    5    5    3    6    3    3    3    6    3    6    4    3    6    4     33000    118000    255000
2  10          9255       33750    6    6    6    4    0    0    2    0    4    5    0    6    6    0    1    3    5    5    5    6    1    6    5    5    3    6    4    250000     31250    125000
2  11         21036       83125    6    0    3    6    6    3    6    0    5    5    0    4    5    0    1    6    0    0    2    0    1    3    0    5    4    3    4    270625     17500    127500
2  12          4133       55625    5    0    5    4    0    6    0    0    6    4    0    5    6    5    1    6    3    6    5    3    3    6    3    2    3    3    4    122500     31875    255000
2  13          8771       44000    2    5    0    6    4    5    5    5    4    6    5    1    4    0    1    5    0    1    6    0    4    6    3    3    3    6    3    260000     62000     89000
2  14          1119       58750    0    5    5    0    6    4    0    5    6    0    5    1    6    3    5    6    6    2    3    3    6    6    3    6    3    3    4     62500     93750    250000
2  15          6278       41000    6    0    2    0    0    5    6    0    6    5    0    1    5    5    5    6    3    6    6    3    3    6    3    4    3    3    4    118000     33000    255000
2  16          3124       42500    5    4    1    6    4    1    6    5    1    5    6    6    0    5    1    2    3    1    4    5    3    6    3    6    3    6    4    260000     94500     51000
2  17         15774       67500    2    5    6    5    0    6    4    6    5    6    0    6    6    0    1    6    0    1    5    5    1    4    3    3    3    3    5    260000     62500     85000
2  18          6636       55625    0    0    6    0    4    4    6    5    5    0    6    1    0    4    6    4    6    2    6    5    3    5    3    5    6    3    6     31875    122500    255000
2  19         16335       55000    5    0    5    2    5    6    2    0    5    0    0    1    5    0    6    6    3    6    6    3    3    6    3    4    3    3    4    130000     30000    250000