
2  0         27082       25000    0    2    4    1    2    4    3    2    5    3    2    5    4    4    5    5    5    5    6    5    6    6    5    6    6    6    6    255000     65000     90000
2  1         27046       27501    0    1    1    3    1    5    3    2    5    4    2    5    4    2    5    6    5    5    6    5    5    6    5    5    6    6    5    250000     86667     67500
2  2         27154       16615    0    3    3    1    3    5    2    3    5    4    3    5    4    5    5    5    5    5    6    6    5    6    6    5    6    6    5    251612    115054     39785
2  3         27082       15546    1    4    0    2    4    0    3    5    0    4    5    0    5    5    3    6    5    3    6    5    3    6    5    3    6    6    4    252174     91304     62500
2  4         27046       28750    0    2    5    1    2    6    4    3    6    5    3    6    5    3    6    5    3    6    6    4    6    6    4    6    6    6    6    255000    125000     26250
2  5         27046       29287    1    0    0    2    4    0    3    4    0    3    6    0    4    6    5    5    6    5    5    6    6    5    6    6    6    6    6    249998    126191     30952
2  6         27172       30000    3    0    0    3    1    2    3    2    1    5    4    3    5    4    4    5    6    4    5    6    6    5    6    6    6    6    2    160000    225000     20000
2  7         27046       35000    1    2    0    3    2    0    3    5    0    4    5    0    4    5    0    5    5    2    6    5    6    6    6    6    6    6    6    250000    110000     50000
2  8         27046       17072    0    1    5    2    6    6    3    1    6    3    5    6    4    5    6    4    5    6    5    5    6    6    6    6    6    6    6    250000    131034     25862
2  9         27046        9287    0    5    2    1    5    2    3    5    2    3    5    2    4    6    2    4    6    2    5    6    2    6    6    5    6    6    5    250000    120000     37143
2  10         27082       16615    0    4    6    1    5    4    2    5    4    3    5    4    3    5    4    5    5    4    6    5    6    6    4    6    6    6    6    251612     91398     63441
2  11         27172       15004    0    3    3    1    3    3    2    3    4    4    3    6    5    4    6    5    4    6    6    5    6    6    5    6    6    5    6    254547     96969     56060
2  12         27280       17632    0    4    4    1    5    5    2    5    4    3    5    4    3    5    4    4    6    4    5    6    6    6    6    6    6    6    6    250001    131579     23684
2  13         27082       25001    0    1    1    2    4    1    3    4    1    3    5    4    5    5    4    6    5    4    6    5    4    6    5    4    6    6    4    250000    110000     46667
2  14         27046       15004    0    3    5    1    3    5    2    3    5    3    5    6    4    6    6    4    6    6    5    6    6    5    6    6    6    6    6    250001     83333     72222
2  15         27046       15004    0    5    6    1    5    6    2    5    6    3    5    6    3    5    6    4    5    6    4    5    6    6    5    6    6    6    6    250000    100000     55556
2  16         27046       23335    2    0    6    3    0    5    3    1    6    5    1    6    5    4    6    5    4    6    6    4    6    6    4    6    6    6    6    258333    125000     25000
2  17         27046       30000    0    1    4    2    1    4    3    4    4    3    5    4    4    5    4    5    5    5    6    5    6    6    6    6    6    6    6    257500    130000     22500
2  18         27172       25791    2    0    3    4    1    0    5    1    0    5    3    0    5    3    0    6    3    0    6    3    1    6    4    6    6    4    6    261842    118421     26316
2  19         27082       11669    1    3    2    0    5    3    2    5    3    3    6    3    4    6    3    4    6    3    5    6    3    5    6    3    6    6    5    250000    141667     15476