
1  0         21508        5001    0    1    0    1    1    0    1    1    0    0    2    0    0    2    0    7    0    5    0    2    4      7143    250000    150000
1  1         22043        5001    1    0    0    1    0    1    1    0    1    2    0    0    2    0    0    0    5    7    2    4    0    250000    150000      7143
1  2         21039        5001    1    0    1    2    0    1    2    0    1    2    0    2    2    0    2    0    2    2    0    7    0      7143    157143    242857
1  3         21040        5003    1    0    0    1    1    0    1    2    0    2    1    0    2    1    0    2    0    2    0    4    7    246667      6667    153333
1  4         21126        5001    1    0    0    1    1    0    1    1    0    2    0    0    2    0    0    0    7    5    2    0    4    250000      7143    150000
1  5         21185        5001    1    0    0    1    1    0    1    1    0    2    0    0    2    0    0    0    7    5    2    0    4    250000      7143    150000
1  6         21078        5001    1    0    0    1    0    1    1    0    1    2    0    0    2    0    0    0    5    7    2    4    0    250000    150000      7143
1  7         21152        5001    0    1    0    1    1    0    1    1    0    0    2    0    0    2    0    7    0    5    0    2    4      7143    250000    150000
1  8         21303        5001    1    0    0    1    1    0    1    1    0    2    0    0    2    0    0    0    7    5    2    0    4    250000      7143    150000
1  9         21032        5001    1    0    0    1    0    1    1    0    1    2    0    0    2    0    0    0    5    7    2    4    0    250000    150000      7143
1  10         21375        5001    0    1    0    1    0    2    1    0    2    0    2    0    7    0    1    0    2    3    0    4    1     57143    250000    100000
1  11         21030        5001    0    1    0    0    1    1    0    1    1    0    2    0    0    2    0    5    0    7    4    2    0    150000    250000      7143
1  12         21655        5001    1    0    0    1    0    1    1    0    1    2    0    0    2    0    0    0    5    7    2    4    0    250000    150000      7143
1  13         21172        5001    1    0    0    1    0    1    1    0    1    2    0    0    2    0    0    0    5    7    2    4    0    250000    150000      7143
1  14         21596        5001    1    0    0    1    0    1    1    0    1    2    0    0    2    0    0    0    5    7    2    4    0    250000    150000      7143
1  15         21383        5001    1    0    1    2    0    1    2    0    1    2    0    2    2    0    2    0    2    2    0    7    0      7143    157143    242857
1  16         21089        5001    0    0    1    0    1    1    0    1    1    0    0    2    0    0    2    2    0    2    7    7    0    150000      7143    250000
1  17         21166        5001    1    1    0    2    1    0    2    1    0    2    2    0    2    2    0    0    2    2    0    0    7      7143    242857    157143
1  18         21360        5001    1    0    0    1    0    1    1    0    1    2    0    0    2    0    0    0    5    7    2    4    0    250000    150000      7143
1  19         21088        5001    1    0    0    1    0    1    1    0    1    2    0    0    2    0    0    0    5    7    2    4    0    250000    150000      7143