
1  0         90082      504786    0    1    1    1    1    0    0    1    1    0    1    1    0    1    1    1    1    0    0    1    1    1    1    0    0    1    1    1    1    0    1    1    0    1    1    0    1    1    0    2    1    0    2    1    0    2    1    0    2    1    0    2    1    0    2    1    0    2    1    0    2    1    0    2    1    0    2    1    0    2    2    0    1    3    3    2    3    3    3    3    1    3    3    4    2    4    2    2    1   23     15000     60000      8261
1  1         90118      149742    0    1    1    0    1    1    0    1    1    0    1    1    0    1    1    0    1    1    0    1    1    0    1    1    0    1    1    1    1    1    1    1    1    1    1    1    1    1    1    1    1    1    1    1    1    1    1    1    1    1    1    1    1    1    1    1    1    2    1    1    2    1    1    2    1    1    2    1    1    2    2    2    4    3    2    3    3    3    4    3    2    4    3    2    4    4    2    3    1    6     16261     32956     33044
1  2         90154      141160    0    1    0    1    1    0    1    1    0    1    1    0    1    1    0    0    1    1    1    1    0    1    1    0    1    1    0    1    1    1    1    1    1    1    1    1    1    1    1    1    1    1    2    1    1    1    1    1    1    1    1    1    1    1    1    1    1    3    1    1    1    1    2    1    1    2    1    1    2    1    2    1    3    2    5    1    3    3    2    2    6    2    3    4    2    4    2    7    3    3      8580     57420     15895
1  3         90118      132000    1    1    0    1    1    0    1    1    0    1    1    0    1    1    0    1    1    0    1    1    0    1    1    0    1    1    0    1    1    1    1    1    1    1    1    1    1    1    1    1    1    1    1    1    1    1    1    1    1    1    1    1    1    1    1    1    1    1    1    2    1    1    2    1    1    2    1    1    2    1    2    3    2    3    4    2    3    4    3    3    3    2    3    4    3    4    4    6    1    2     36000     30000     17000
1  4         90136      113600    1    1    0    1    1    0    1    1    0    1    1    0    1    1    0    0    1    1    1    1    0    1    1    0    1    1    0    1    1    1    1    1    1    1    1    1    1    1    1    1    1    2    1    1    1    2    1    1    1    1    1    1    1    1    1    1    1    1    1    2    1    1    2    1    1    2    1    1    2    2    2    1    3    3    1    1    3    3    3    3    2    4    2    5    3    3    5    3    3    5      8600     57400     16400
1  5         90118      138400    1    1    0    1    1    0    1    1    0    1    1    0    1    1    0    1    1    0    1    1    0    1    1    0    1    1    0    1    1    1    1    1    1    1    1    1    1    1    1    1    1    1    1    1    1    1    1    1    1    1    1    1    2    1    1    1    1    1    1    2    1    1    2    1    1    2    1    1    2    2    2    1    3    3    2    3    2    3    3    2    3    2    3    6    3    3    4    3    3    5     58400      7600     16400
1  6         90100      147048    1    1    0    1    1    0    1    1    0    1    1    0    1    1    0    1    1    0    1    1    0    1    1    0    0    1    1    1    1    1    1    1    1    1    1    1    1    1    1    1    1    1    1    1    1    2    1    1    1    1    1    1    1    1    1    1    1    2    1    1    1    1    2    1    1    2    1    1    2    3    1    4    2    3    3    1    3    3    3    3    3    5    2    4    1    4    3    3    3    4     10952     55048     16286
1  7         90118      162400    0    0    1    0    0    1    1    0    1    1    0    1    1    0    1    1    0    1    1    0    1    1    0    1    0    0    1    1    1    1    1    1    1    1    1    1    1    1    1    1    1    1    1    1    1    1    1    1    1    1    1    1    1    1    1    1    1    1    2    1    1    2    1    1    3    1    2    2    1    1    2    2    2    3    3    1    3    3    5    5    2    3    3    3    3    5    3    6    2    3     10700     10100     63000
1  8         90136      142770    0    1    1    0    1    1    0    1    1    0    1    1    0    1    1    0    1    1    0    1    1    0    1    1    0    1    1    1    1    1    1    1    1    1    1    1    1    1    1    1    1    1    1    1    1    1    1    1    1    1    1    1    1    1    1    1    1    2    1    1    2    1    1    2    1    1    2    1    1    2    1    2    5    1    3    4    2    3    4    2    3    4    2    3    3    3    4    2    8    1     16718     25795     40205
1  9         90136      198000    1    0    1    1    0    1    1    0    1    1    0    1    1    0    1    1    0    1    1    0    1    1    0    1    1    0    1    1    1    1    1    1    1    1    1    1    1    1    1    1    1    1    1    1    1    1    1    1    1    2    1    1    2    1    1    2    1    1    2    1    1    2    1    1    2    1    1    2    1    2    2    2    3    3    3    2    4    3    2    3    3    2    4    3    3    3    4    5    2    1     40500     16500     25500
1  10         90154      178286    0    1    1    0    1    1    0    1    1    0    1    1    0    1    1    0    1    1    0    1    1    0    1    1    0    1    1    1    1    1    1    1    1    1    1    1    1    1    1    1    1    1    1    1    1    1    1    1    2    1    1    2    1    1    2    1    1    2    1    1    2    1    1    2    1    1    2    1    1    3    2    1    4    3    1    3    3    2    3    3    2    4    3    1    2    4    4    2    1    8     16500     40143     25857
1  11         90136      110530    0    0    1    0    0    1    1    0    1    0    1    1    0    1    1    0    1    1    0    1    1    0    1    1    0    1    1    1    1    1    1    1    1    1    1    1    1    1    1    1    1    1    1    1    1    1    1    1    1    1    1    1    1    1    1    1    1    1    3    1    1    2    1    2    1    1    2    1    1    1    1    2    6    4    2    3    1    3    5    5    2    5    5    2    2    1    4    3    2    4     12632      8947     61053
1  12         90136      192000    1    1    0    1    1    0    1    1    0    1    1    0    1    1    0    1    1    0    1    0    1    1    0    1    1    1    0    1    1    1    1    1    1    1    1    1    1    1    1    1    1    1    1    2    1    1    1    1    1    1    1    1    1    1    1    1    1    1    2    1    1    1    2    1    1    2    1    1    2    1    3    3    3    2    2    2    4    5    3    2    4    3    2    4    4    2    1    3    4    4     53000     13000     17000
1  13         90136      163500    0    1    1    0    1    1    0    1    1    0    1    1    0    1    1    0    1    1    0    1    1    0    1    1    0    1    1    1    1    1    1    1    1    1    1    1    1    1    1    1    1    1    1    1    1    1    1    1    1    1    1    1    1    1    1    1    1    2    1    1    2    1    1    2    1    1    2    1    1    2    1    2    4    4    2    4    3    2    4    3    2    4    4    2    3    3    4    3    1    5     17000     25250     40750
1  14         90082      118000    1    0    1    1    0    1    1    0    1    1    1    0    1    0    1    1    1    0    1    0    1    1    0    1    1    0    1    1    1    0    1    1    1    1    1    0    1    1    0    1    1    1    1    2    0    1    2    0    1    2    1    1    2    0    1    2    0    1    2    0    1    2    1    1    2    0    1    2    1    2    2    0    3    1    5    3    3    2    3    3    1    3    3    1    4    2    2    1    3   19     57000     16500      9000
1  15         90100       90530    0    0    1    0    0    1    1    0    1    1    0    1    1    0    1    1    0    1    1    0    1    1    0    1    1    0    1    1    1    1    1    1    1    1    1    1    1    1    1    1    1    1    1    1    1    1    1    1    1    1    1    1    1    1    1    1    1    3    1    1    1    2    1    1    2    1    1    2    1    2    1    2    1    3    3    5    5    2    3    7    2    5    5    2    1    2    4    2    2    4      8947     12632     61053
1  16         90154      550000    1    0    1    1    1    1    1    0    1    1    0    1    1    0    1    1    0    1    1    0    1    1    0    1    1    1    1    1    1    1    1    1    1    1    1    1    1    1    1    1    1    1    1    1    1    1    1    1    1    1    1    1    1    1    1    1    1    1    2    1    1    2    1    1    2    1    1    1    2    2    2    2    2    4    3    2    3    3    3    3    2    2    3    3    4    4    2    4    4    3     40000     15000     30000
1  17         90082      148668    1    0    1    1    0    1    1    0    1    1    0    1    1    0    1    1    0    1    1    0    1    1    0    1    1    0    1    1    1    1    1    1    1    1    1    1    1    1    1    1    1    1    1    1    1    1    1    1    1    1    1    1    1    1    1    1    1    1    2    1    1    2    1    1    2    1    1    2    1    2    2    2    2    3    3    2    6    2    2    4    3    3    3    3    4    3    3    4    3    3     32998     16334     33002
1  18         90136      148668    1    0    1    1    0    1    1    0    1    1    0    1    1    0    1    1    0    1    1    0    1    1    0    1    1    0    1    1    1    1    1    1    1    1    1    1    1    1    1    1    1    1    1    1    1    1    1    1    1    1    1    1    1    1    1    1    1    1    2    1    1    2    1    1    2    1    1    2    1    2    3    1    3    4    2    3    4    1    3    4    1    3    3    1    4    3    2    1    3   11     49499     16330     16501
1  19         90118      193200    1    1    0    1    1    0    1    1    0    1    1    0    1    1    0    1    1    0    1    1    0    1    1    0    1    1    0    1    1    1    1    1    1    1    1    1    1    1    1    1    1    1    1    1    1    1    1    1    1    1    1    1    1    1    1    1    1    1    1    2    1    1    2    2    1    1    1    1    2    1    1    4    3    3    2    2    2    5    2    3    4    2    3    5    4    3    3    4    4    2     28100     36100     17700