
1  0         22104        5001    1    0    0    1    0    1    1    0    1    2    0    0    2    0    0    0    5    7    2    4    0    250000    150000      7143
1  1         21808        5001    0    0    1    0    1    1    0    1    1    0    0    2    0    0    2    5    7    0    4    0    2    150000      7143    250000
1  2         22849        5001    0    1    0    1    1    0    1    1    0    0    2    0    0    2    0    7    0    5    0    2    4      7143    250000    150000
1  3         22098        5001    1    0    0    1    0    1    1    0    1    2    0    0    2    0    0    0    5    7    2    4    0    250000    150000      7143
1  4         21690        5001    0    0    1    1    0    1    1    0    1    0    0    2    0    0    2    7    5    0    0    4    2      7143    150000    250000
1  5         22234        5001    0    0    1    1    0    1    1    0    1    0    0    2    0    0    2    7    5    0    0    4    2      7143    150000    250000
1  6         21126        5001    0    1    0    1    1    0    1    1    0    0    2    0    0    2    0    7    0    5    0    2    4      7143    250000    150000
1  7         22345        5001    1    0    0    1    0    1    1    0    1    2    0    0    2    0    0    0    5    7    2    4    0    250000    150000      7143
1  8         22194        5001    1    0    0    1    0    1    1    0    1    2    0    0    2    0    0    0    5    7    2    4    0    250000    150000      7143
1  9         22769        5001    1    0    0    1    0    1    1    0    1    2    0    0    2    0    0    0    5    7    2    4    0    250000    150000      7143
1  10         22251        5001    1    0    0    1    0    1    1    0    1    2    0    0    2    0    0    0    5    7    2    4    0    250000    150000      7143
1  11         21599        5001    1    0    0    1    0    1    1    0    1    2    0    0    2    0    0    0    5    7    2    4    0    250000    150000      7143
1  12         23534        5001    1    0    0    1    1    0    1    1    0    2    0    0    2    0    0    0    7    5    2    0    4    250000      7143    150000
1  13         21152        5001    1    0    0    1    0    1    1    0    1    2    0    0    2    0    0    0    5    7    2    4    0    250000    150000      7143
1  14         22646        5001    1    0    0    1    1    0    1    1    0    2    0    0    2    0    0    0    7    5    2    0    4    250000      7143    150000
1  15         22126        5001    1    0    0    1    0    1    1    0    1    2    0    0    2    0    0    0    5    7    2    4    0    250000    150000      7143
1  16         23068        5001    0    1    0    1    1    0    1    1    0    0    2    0    0    2    0    7    0    5    0    2    4      7143    250000    150000
1  17         22236        5001    1    0    0    1    1    0    1    1    0    2    0    0    2    0    0    0    7    5    2    0    4    250000      7143    150000
1  18         22625        5001    0    1    0    1    1    0    1    1    0    0    2    0    0    2    0    7    0    5    0    2    4      7143    250000    150000
1  19         22031        5001    1    1    0    1    2    0    1    2    0    2    2    0    2    2    0    2    0    2    0    0    7    242857      7143    157143