
1  0         90290       32956    1    0    0    1    0    0    1    0    1    1    0    1    1    0    1    1    0    1    1    0    1    1    0    1    1    0    1    1    1    0    1    1    0    1    1    0    1    1    0    1    1    3    1    1    3    1    1    3    1    1    3    1    1    3    1    2    0    1    2    2    1    2    1    1    2    1    1    2    2    2    1    1    2    6    4    3    2    1    3    2    1    3    2    1    4    1    0    2    9    6     66000     14286      3238
1  1         90376       44326    1    0    0    1    0    0    1    1    0    1    1    0    1    1    0    1    1    0    1    1    0    1    1    0    1    1    0    1    0    1    1    0    1    1    0    1    1    0    1    1    2    1    1    0    2    1    0    2    1    2    1    1    0    2    1    2    1    1    0    3    1    0    3    1    0    3    1    0    3    2    0    2    3    2    2    3    5    0    3    0    3    3    2    2    4    2    1    1   18    7     63243      6892     13243
1  2         90075       38816    0    1    0    0    1    0    0    1    1    0    1    1    0    1    1    0    1    1    0    1    1    0    1    1    0    1    1    1    1    0    1    1    1    1    1    1    1    1    1    2    1    0    2    1    0    2    1    0    2    1    0    1    1    2    2    1    0    2    1    1    2    1    1    2    1    1    3    1    0    2    2    0    3    3    0    3    3    0    3    3    0    3    3    0    2    4    0    2    1   27     13688     62976      7024
1  3         90309       48004    0    0    1    0    0    1    0    1    1    0    1    1    0    1    1    0    1    1    0    1    1    0    1    1    0    1    1    1    0    1    1    0    1    1    0    1    1    0    1    2    0    1    2    0    1    2    0    1    2    0    1    2    0    1    2    0    1    3    0    1    3    0    1    3    0    1    3    0    1    1    1    2    1    4    3    6    3    2    1    4    3    2    1    3    0    4    4    3   18    2     13143      6286     63714
1  4         90020       37622    0    0    1    0    0    1    0    1    1    0    1    1    0    1    1    0    1    1    0    1    1    0    1    1    0    1    1    1    0    1    1    0    1    1    0    1    1    1    1    2    0    1    1    2    1    2    0    1    1    2    1    2    0    1    2    0    1    1    3    1    3    0    1    2    1    1    3    0    1    2    0    2    3    0    3    3    0    3    3    0    3    3    0    3    2    0    4    3   26    1     13449      6786     63217
1  5         90576       32956    0    0    1    0    0    1    0    1    1    0    1    1    0    1    1    0    1    1    0    1    1    0    1    1    0    1    1    1    0    1    1    0    1    1    0    1    1    0    1    1    3    1    1    3    1    1    3    1    1    3    1    2    0    1    1    3    1    2    2    1    2    1    1    2    1    1    2    2    1    1    1    2    2    1    3    2    1    3    2    1    3    6    4    2    1    0    4    9    6    2     14286      3238     66000
1  6         90101       58576    0    0    1    0    0    1    0    1    1    0    1    1    0    1    1    0    1    1    0    1    1    0    1    1    0    1    1    1    1    1    1    0    1    1    0    1    1    1    1    2    0    1    1    2    1    1    1    1    2    0    1    2    0    1    2    0    1    2    1    1    1    3    1    2    1    1    3    0    1    2    0    2    3    1    3    3    1    3    3    1    3    3    1    3    3    0    4    3   21    1     13099      8571     60711
1  7         90130       37392    0    1    0    0    1    0    0    1    1    0    1    1    0    1    1    0    1    1    0    1    1    0    1    1    0    1    1    1    1    1    1    1    0    1    1    1    1    1    1    2    1    0    2    1    0    2    1    0    1    1    2    2    1    0    2    1    0    2    1    1    2    1    1    2    1    1    3    1    0    1    2    1    3    3    0    3    3    0    3    3    0    3    3    0    2    4    0    3    1   26     13452     63214      6786
1  8         90095       49344    0    1    0    0    1    0    1    1    0    1    1    0    1    1    0    1    1    0    1    1    0    1    1    0    1    1    0    0    1    1    0    1    1    0    1    1    0    1    1    0    1    2    0    1    2    0    1    2    0    1    2    0    1    2    0    1    2    2    1    2    0    1    3    0    1    3    0    1    3    1    2    1    1    3    2    1    3    2    1    3    2    1    3    2    4    3    5   24    2    1      5667     66000     12000
1  9         90647       37868    0    0    1    0    0    1    1    0    1    1    0    1    1    0    1    1    0    1    1    0    1    1    0    1    1    0    1    1    1    1    0    1    1    0    1    1    0    1    1    2    1    1    0    2    1    0    2    1    0    2    1    2    1    1    2    1    1    1    2    1    1    2    1    0    3    1    0    3    1    0    2    2    0    3    3    0    3    3    0    3    3    0    3    3    0    2    4   26    3    1      6786     13452     63214
1  10         91514       53342    0    0    1    0    0    1    0    1    1    0    1    1    1    0    1    1    0    1    0    1    1    0    1    1    0    1    1    1    1    1    1    1    1    1    1    1    1    0    1    1    2    1    2    0    1    1    2    1    2    0    1    2    0    1    2    0    1    3    0    1    3    0    1    3    0    1    3    0    1    2    0    2    1    4    3    2    2    3    3    1    3    3    1    3    0    4    4    3   18    1     13333     10000     60000
1  11         90181       46050    1    0    0    1    0    0    1    1    0    1    1    0    1    0    1    1    1    0    1    1    0    1    1    0    1    1    0    1    1    1    1    1    1    1    1    1    1    1    1    1    2    1    1    0    2    1    0    2    1    0    2    1    0    2    1    0    2    1    1    2    1    1    2    1    1    2    1    1    2    2    0    2    3    0    3    3    2    2    3    4    1    3    0    3    4    0    2    1   20    5     62558      7442     13721
1  12         90745       58006    0    1    0    0    1    0    0    1    0    0    1    0    0    1    0    0    1    0    0    1    0    0    1    0    0    1    0    1    1    1    0    1    2    0    1    2    0    1    2    1    1    2    1    1    2    1    1    2    1    1    2    0    1    3    1    1    2    2    1    2    2    1    2    2    1    2    2    1    2    0    2    2    2    3    2    1    3    3    1    3    3    2    3    2    0    4    2   22    1    0      9727     66000      7273
1  13         90675       36936    1    0    0    1    0    0    1    1    0    1    1    0    1    1    0    1    1    0    1    1    0    1    1    0    1    1    0    1    1    1    1    0    1    1    1    1    1    1    1    1    2    1    1    0    2    1    0    2    1    0    2    1    0    2    1    0    2    1    1    2    1    1    2    1    1    2    1    1    2    2    0    2    3    0    3    3    0    3    3    0    3    3    0    3    4    0    2    1   26    3     63214      6785     13452
1  14         90002       46672    0    0    1    0    0    1    0    1    1    0    1    1    0    1    1    0    1    1    0    1    1    0    1    1    0    1    1    1    0    1    1    0    1    1    0    1    1    0    1    1    2    1    1    2    1    2    0    1    2    0    1    2    0    1    2    0    1    2    1    1    3    0    1    3    0    1    3    0    1    2    0    2    2    2    3    1    3    3    2    2    3    6    4    2    0    4    4    4   15    2     13333      6667     63333
1  15         90057       36796    0    1    0    0    1    0    1    1    0    1    1    0    1    1    0    1    1    0    1    1    0    1    1    0    1    1    0    0    1    1    1    1    1    1    1    1    1    1    1    0    1    2    0    1    2    0    1    2    0    1    2    0    1    2    0    1    2    1    1    2    1    1    2    1    1    2    1    1    2    0    2    2    0    3    3    0    3    3    0    3    3    0    3    3    0    4    2   28    1    2      6782     63218     13448
1  16         90474       49454    0    0    1    0    0    1    1    0    1    0    1    1    1    0    1    1    0    1    1    0    1    1    0    1    0    1    1    0    1    1    1    1    1    0    1    1    1    1    1    0    2    1    0    2    1    0    2    1    0    2    1    0    2    1    0    2    1    1    2    1    0    3    1    0    3    1    1    2    1    0    2    2    4    1    3    4    1    3    4    1    3    2    2    3    3    5    3   16    2    2      8055     14444     61112
1  17         90879       37256    1    0    0    1    0    0    1    0    1    1    0    1    1    0    1    1    0    1    1    0    1    1    0    1    1    0    1    1    1    0    1    1    0    1    1    1    1    1    1    1    2    0    1    2    0    1    2    0    1    2    0    1    2    0    1    2    0    1    2    1    1    2    1    1    2    1    1    2    2    2    2    0    3    3    0    3    3    0    3    3    0    3    3    0    4    2    0    1    2   28     63218     13448      6782
1  18         90041       56000    0    0    1    0    0    1    1    0    1    1    0    1    0    0    1    0    0    1    0    0    1    0    0    1    1    0    1    0    1    1    1    1    1    0    1    1    0    1    1    2    1    1    2    1    1    2    1    1    2    1    1    2    1    1    2    1    1    2    2    1    2    2    1    2    2    1    2    2    1    1    1    2    2    2    3    4    1    3    4    1    3    4    1    3    2    6    3    1   12    2      5000     12000     66000
1  19         90165       38168    1    0    0    1    0    0    1    1    0    1    1    0    1    1    0    1    1    0    1    1    0    1    1    0    1    1    0    1    0    1    1    0    1    1    0    1    1    0    1    1    2    1    1    0    2    1    2    1    1    2    1    1    0    2    1    0    2    1    1    2    1    0    3    1    0    3    1    1    2    2    0    2    3    0    3    3    0    3    3    0    3    3    0    3    4    0    2    1   27    3     63448      6552     13219