    1    0    0    1    0    0    1    0    1    1    0    1    1    0    1    1    0    1    1    0    1    1    0    1    1    0    1    1    1    0    1    1    0    1    1    0    1    1    0    1    1    3    1    1    3    1    1    3    1    1    3    1    1    3    1    2    0    1    2    2    1    2    1    1    2    1    1    2    2    2    1    1    2    6    4    3    2    1    3    2    1    3    2    1    4    1    0    2    9    6
    1    0    0    1    0    0    1    1    0    1    1    0    1    1    0    1    1    0    1    1    0    1    1    0    1    1    0    1    0    1    1    0    1    1    0    1    1    0    1    1    2    1    1    0    2    1    0    2    1    2    1    1    0    2    1    2    1    1    0    3    1    0    3    1    0    3    1    0    3    2    0    2    3    2    2    3    5    0    3    0    3    3    2    2    4    2    1    1   18    7
    0    1    0    0    1    0    0    1    1    0    1    1    0    1    1    0    1    1    0    1    1    0    1    1    0    1    1    1    1    0    1    1    1    1    1    1    1    1    1    2    1    0    2    1    0    2    1    0    2    1    0    1    1    2    2    1    0    2    1    1    2    1    1    2    1    1    3    1    0    2    2    0    3    3    0    3    3    0    3    3    0    3    3    0    2    4    0    2    1   27
    0    0    1    0    0    1    0    1    1    0    1    1    0    1    1    0    1    1    0    1    1    0    1    1    0    1    1    1    0    1    1    0    1    1    0    1    1    0    1    2    0    1    2    0    1    2    0    1    2    0    1    2    0    1    2    0    1    3    0    1    3    0    1    3    0    1    3    0    1    1    1    2    1    4    3    6    3    2    1    4    3    2    1    3    0    4    4    3   18    2
    0    0    1    0    0    1    0    1    1    0    1    1    0    1    1    0    1    1    0    1    1    0    1    1    0    1    1    1    0    1    1    0    1    1    0    1    1    1    1    2    0    1    1    2    1    2    0    1    1    2    1    2    0    1    2    0    1    1    3    1    3    0    1    2    1    1    3    0    1    2    0    2    3    0    3    3    0    3    3    0    3    3    0    3    2    0    4    3   26    1
    0    0    1    0    0    1    0    1    1    0    1    1    0    1    1    0    1    1    0    1    1    0    1    1    0    1    1    1    0    1    1    0    1    1    0    1    1    0    1    1    3    1    1    3    1    1    3    1    1    3    1    2    0    1    1    3    1    2    2    1    2    1    1    2    1    1    2    2    1    1    1    2    2    1    3    2    1    3    2    1    3    6    4    2    1    0    4    9    6    2
    0    0    1    0    0    1    0    1    1    0    1    1    0    1    1    0    1    1    0    1    1    0    1    1    0    1    1    1    1    1    1    0    1    1    0    1    1    1    1    2    0    1    1    2    1    1    1    1    2    0    1    2    0    1    2    0    1    2    1    1    1    3    1    2    1    1    3    0    1    2    0    2    3    1    3    3    1    3    3    1    3    3    1    3    3    0    4    3   21    1
    0    1    0    0    1    0    0    1    1    0    1    1    0    1    1    0    1    1    0    1    1    0    1    1    0    1    1    1    1    1    1    1    0    1    1    1    1    1    1    2    1    0    2    1    0    2    1    0    1    1    2    2    1    0    2    1    0    2    1    1    2    1    1    2    1    1    3    1    0    1    2    1    3    3    0    3    3    0    3    3    0    3    3    0    2    4    0    3    1   26
    0    1    0    0    1    0    1    1    0    1    1    0    1    1    0    1    1    0    1    1    0    1    1    0    1    1    0    0    1    1    0    1    1    0    1    1    0    1    1    0    1    2    0    1    2    0    1    2    0    1    2    0    1    2    0    1    2    2    1    2    0    1    3    0    1    3    0    1    3    1    2    1    1    3    2    1    3    2    1    3    2    1    3    2    4    3    5   24    2    1
    0    0    1    0    0    1    1    0    1    1    0    1    1    0    1    1    0    1    1    0    1    1    0    1    1    0    1    1    1    1    0    1    1    0    1    1    0    1    1    2    1    1    0    2    1    0    2    1    0    2    1    2    1    1    2    1    1    1    2    1    1    2    1    0    3    1    0    3    1    0    2    2    0    3    3    0    3    3    0    3    3    0    3    3    0    2    4   26    3    1
    0    0    1    0    0    1    0    1    1    0    1    1    1    0    1    1    0    1    0    1    1    0    1    1    0    1    1    1    1    1    1    1    1    1    1    1    1    0    1    1    2    1    2    0    1    1    2    1    2    0    1    2    0    1    2    0    1    3    0    1    3    0    1    3    0    1    3    0    1    2    0    2    1    4    3    2    2    3    3    1    3    3    1    3    0    4    4    3   18    1
    1    0    0    1    0    0    1    1    0    1    1    0    1    0    1    1    1    0    1    1    0    1    1    0    1    1    0    1    1    1    1    1    1    1    1    1    1    1    1    1    2    1    1    0    2    1    0    2    1    0    2    1    0    2    1    0    2    1    1    2    1    1    2    1    1    2    1    1    2    2    0    2    3    0    3    3    2    2    3    4    1    3    0    3    4    0    2    1   20    5
    0    1    0    0    1    0    0    1    0    0    1    0    0    1    0    0    1    0    0    1    0    0    1    0    0    1    0    1    1    1    0    1    2    0    1    2    0    1    2    1    1    2    1    1    2    1    1    2    1    1    2    0    1    3    1    1    2    2    1    2    2    1    2    2    1    2    2    1    2    0    2    2    2    3    2    1    3    3    1    3    3    2    3    2    0    4    2   22    1    0
    1    0    0    1    0    0    1    1    0    1    1    0    1    1    0    1    1    0    1    1    0    1    1    0    1    1    0    1    1    1    1    0    1    1    1    1    1    1    1    1    2    1    1    0    2    1    0    2    1    0    2    1    0    2    1    0    2    1    1    2    1    1    2    1    1    2    1    1    2    2    0    2    3    0    3    3    0    3    3    0    3    3    0    3    4    0    2    1   26    3
    0    0    1    0    0    1    0    1    1    0    1    1    0    1    1    0    1    1    0    1    1    0    1    1    0    1    1    1    0    1    1    0    1    1    0    1    1    0    1    1    2    1    1    2    1    2    0    1    2    0    1    2    0    1    2    0    1    2    1    1    3    0    1    3    0    1    3    0    1    2    0    2    2    2    3    1    3    3    2    2    3    6    4    2    0    4    4    4   15    2
    0    1    0    0    1    0    1    1    0    1    1    0    1    1    0    1    1    0    1    1    0    1    1    0    1    1    0    0    1    1    1    1    1    1    1    1    1    1    1    0    1    2    0    1    2    0    1    2    0    1    2    0    1    2    0    1    2    1    1    2    1    1    2    1    1    2    1    1    2    0    2    2    0    3    3    0    3    3    0    3    3    0    3    3    0    4    2   28    1    2
    0    0    1    0    0    1    1    0    1    0    1    1    1    0    1    1    0    1    1    0    1    1    0    1    0    1    1    0    1    1    1    1    1    0    1    1    1    1    1    0    2    1    0    2    1    0    2    1    0    2    1    0    2    1    0    2    1    1    2    1    0    3    1    0    3    1    1    2    1    0    2    2    4    1    3    4    1    3    4    1    3    2    2    3    3    5    3   16    2    2
    1    0    0    1    0    0    1    0    1    1    0    1    1    0    1    1    0    1    1    0    1    1    0    1    1    0    1    1    1    0    1    1    0    1    1    1    1    1    1    1    2    0    1    2    0    1    2    0    1    2    0    1    2    0    1    2    0    1    2    1    1    2    1    1    2    1    1    2    2    2    2    0    3    3    0    3    3    0    3    3    0    3    3    0    4    2    0    1    2   28
    0    0    1    0    0    1    1    0    1    1    0    1    0    0    1    0    0    1    0    0    1    0    0    1    1    0    1    0    1    1    1    1    1    0    1    1    0    1    1    2    1    1    2    1    1    2    1    1    2    1    1    2    1    1    2    1    1    2    2    1    2    2    1    2    2    1    2    2    1    1    1    2    2    2    3    4    1    3    4    1    3    4    1    3    2    6    3    1   12    2
    1    0    0    1    0    0    1    1    0    1    1    0    1    1    0    1    1    0    1    1    0    1    1    0    1    1    0    1    0    1    1    0    1    1    0    1    1    0    1    1    2    1    1    0    2    1    2    1    1    2    1    1    0    2    1    0    2    1    1    2    1    0    3    1    0    3    1    1    2    2    0    2    3    0    3    3    0    3    3    0    3    3    0    3    4    0    2    1   27    3
