
2  0         27331       10628    0    5    2    1    6    5    2    5    5    3    5    5    3    6    5    4    6    5    4    6    5    5    6    5    6    6    5    250000    141667     15625
2  1         27705        6055    0    5    2    1    5    1    2    5    5    3    5    6    3    5    5    4    6    5    4    6    5    6    6    5    6    6    5    250000    147370     10525
2  2         27190       15004    0    5    5    6    5    5    2    5    5    3    5    5    3    5    5    4    6    5    4    6    5    1    6    5    6    6    5    250000    150001      5555
2  3         28044        5001    0    5    1    1    5    2    2    5    5    3    5    5    3    5    5    4    6    5    4    6    5    6    6    5    6    6    5    250000    150000      7143
2  4         27150       11250    0    5    5    1    5    1    6    5    5    3    5    5    3    5    5    4    6    5    4    6    5    2    6    5    6    6    5    250000    150000      6250
2  5         27641        5001    0    5    1    1    5    2    2    5    5    3    5    5    3    5    5    4    6    5    4    6    5    6    6    5    6    6    5    250000    150000      7143
2  6         27190       15004    0    5    5    1    5    5    2    5    5    3    5    5    3    5    5    4    6    5    4    6    5    6    6    5    6    6    5    250000    150001      5555
2  7         27467        5001    0    5    1    1    5    2    2    5    5    3    5    5    3    5    5    4    6    5    4    6    5    6    6    5    6    6    5    250000    150000      7143
2  8         27637        5001    0    5    2    1    5    1    2    5    5    3    5    5    3    5    5    4    6    5    4    6    5    6    6    5    6    6    5    250000    150000      7143
2  9         27320        8750    0    5    2    1    5    5    2    5    5    3    5    5    3    5    5    4    6    5    4    6    5    6    6    5    6    6    5    250000    150000      6250
2  10         28440        5001    0    5    2    1    6    1    2    5    5    3    5    5    3    5    5    4    6    5    4    5    5    6    6    5    6    6    5    250000    150000      7143
2  11         27388       10628    0    6    2    1    6    5    2    5    5    3    5    5    3    5    5    4    6    5    4    6    5    5    6    5    6    6    5    250000    141667     15625
2  12         28127        6306    0    5    6    1    5    2    6    5    5    3    5    5    3    5    5    4    6    5    4    6    5    6    6    5    2    6    5    250000    147826      8696
2  13         27626        5001    0    5    1    1    5    2    2    5    5    3    5    5    3    5    5    4    6    5    4    6    5    6    6    5    6    6    5    250000    150000      7143
2  14         27082        5001    0    5    1    1    6    2    2    5    5    3    5    5    3    5    5    4    6    5    4    6    5    6    6    5    6    5    5    250000    150000      7143
2  15         28037        8750    6    5    5    1    5    2    2    5    5    3    5    5    3    5    5    4    6    5    4    6    5    0    6    5    6    6    5    250000    150000      6250
2  16         27889       15001    5    0    0    5    1    0    6    2    1    6    3    2    6    3    2    6    4    3    6    4    3    6    5    4    6    5    4    157143    242857      7143
2  17         28224        5001    0    5    2    1    5    5    2    5    5    3    5    1    3    5    5    4    6    5    4    6    5    6    6    5    6    6    5    250000    150000      7143
2  18         27219       10628    0    6    2    1    6    5    2    5    5    3    5    5    3    5    5    4    6    5    4    6    5    5    6    5    6    6    5    250000    141667     15625
2  19         27313       23698    0    5    6    6    5    3    6    5    5    3    5    5    3    5    5    4    6    5    4    6    5    2    6    5    1    6    5    250000    147827      8695