   13   14   11    8   18   18    7    2    5   16   17   17   16    7   28   24   23   27   10    4   23   17   28   15    2    4   13   10    5   28   26   28    5   23   24    3   22   19   28    3   22   11   28    1   21    0   28   26   27   27   20   20   27    0   20   25   25   21   29   25   20   29   19   24   23    4    5   26   27   12   26    6   23   22   13    9   13   25   29   29   27   24   26   29
    9    4    8    9    3   12    4   17    6    8   20   17    1   20    2   12    5    5   18   22   10    8    7   10   18    6   12    4   14   22   25    3   23   27   21   21   11   24   25   23   24   29   29   29   25   14    1   27    9    0   16    0   28    2   19   18   25    0   17   19   26   21   26   22   28   26   28   29   28   23   24   29   26   29   27   29   15   27   13   28   27   24   16   29
   21    4   21   23    3   19    7    3    5   18   19    5   14   27   22    8   15   19   18   17   26   15    3    1    8    9   21    7   22   27   19   13   24    6   24    4    9   28    1   16   23    0   11   26   14   29   17   14   21   10   22   25   28   21   26   24   28   25   24   11   27   23   28    2   27   28   20   29   25   27   24   26   24   12   29   27   25   29   28   20   29   16   29   13
    7    4   11   28   12    9    7   29    3   20   25   25   18    1   14   16   14    4   27    9   17   10   23   11    8   15   13   22   16   18    0   26   17   11   21    9    7    6   24    9    3   13    5   24    1    2   28    0    8    0   16   27    8   26   26   19   25    5   15   27   23   28   29   12   10   25   24   20   26   27   29   14   28   21   29   24   23   25   27   28   22   29   19   24
   10    7    7   17    5    4   17   21   17    4   18   13   27   24    1    5    4   13    3   11   16    7    4   10   10   13   19   20   15    1    1    2    8   26   22   26   26   15   14   14    2    0    9    0   25   28   25   26    5   28   22   11    6    0   12   23   26   19   21   28   20   24    1   23   29   27   24   27   29   14   28   27   29   18   28   29   25   23   24   23   25   27   26   28
   20    8    3   24    2   12    8   11   15   17    1   12   26    5    5   25   17   12   25    7   22   27   13   26   12   13   18   21   11   27   28   29   14    1    4   18   16   21   24   17   10    4   29   26    8    0   27   24   23    0   15    0   28    0   29   26   21    6   15    0   28   26    6    9   26    5   19    2   27   25   25   25    7   25   27    9   24    9    9   29   23   24   29   24
   10   17   26    4    2    8   23    4    3   27   20    9    5   22   11   17   17   19    0   17   18    6   16   28   22   18    6    0   14   12   22    8   11   15   12   26   16   24   21   24   22   13    9    0    4   27   28   26   18   25   25   27   28    0   26   12   29   22   29   23   24   21   24   13   15   29   27   25    7    3   25   28   29   28   24    9   20   29   27   23    1   28   19   13
   14    3   15   16    9   13   11    0    4    6   14   29   10   12    2   22    1   27    9   25    4   24   18   19   20   22    5   23   28   23   19    5   22    0   26   18   17   27   28    1   28   24   24   21   26   28   20   21   28    8    8    6   23   25    7   26   21   26   12   29   19   29   25    3   25   29   27   24   27   21   23   25   27   29   29   24   16   29   27   16   28   13   28   13
   16   24    5   15   27   20    7   19   20   22    9    4   19    7   28   11    5   27   22    3   19    6    4   18   10   16    7   14   25   10    0    1    3   12   29   17    3    8   14   29   21   13   27   14   29    2   27   29    1   21   11   19    0   28   28   23   24   25    5   23   28   26   20   22   28   28   17   25   29   29    6    9   26   27   22   25   28   26   26   24   26    0   24   13
   26    1   12    6    7    0   26   23   13    1   22    9   17    5    4    3    6    1   17   24    5   21    3   10    4   20   14    0   14   21   11   22   22   10    9   29   27   25    8    9   29   17    2   12   23    0   27   21   18    0    4   29   19   19   15    0   27   20   16    7   28   17   25   28   25   25   28   24   29   28   26   10   20   29   28   29   26   21   24   23   26   23   24   25
   20    2   14   11   23   25    6    4   17   26    9   12   20   14   28   13   22   29    8   14   16    5   18   13   22   17   24    7    1    4   15   20    2    3   18   13    7   24    7    0   24   11   27   21   16   26    4    0   27   15   19    0   24   25   28    0   25   24   26   29   23   26   15   21   19   29   25   26   28   28    6   21   28   12    3   29   24   23   10    5   29   29   27   27
    8    3    3    7   14   16   25   14   16   18   20    8   18    6   29    6    2   26   11   25    5   15   20   23    5   24   20    5   23   10   13   19   10   14   10    7   17   29   15    1    9   17   29   27   25   28   11   12    1    4   19    0   24   25   18   24   26    2   24   28   26   22   28    2    3   22   29   27   28    9   21   26   26   23   27   29   24   21   29   28   29   13   25   27
   19    3   13    8    6   11   18   14   11   13   18   20   20    7   27   10   20    1   26   24   16   12   14   26   14   23   18   15    8    5    7    4   20    6    0   17   13    1   22   29   17   21    7   24    0   28   28    0   29   28   26   19   16   21   22   24   16   15   28   14   28    2   26   26   25   29   27   23   27   25   23   28   28    9   25   27   25   29   15   24   22   25   26   27
   22    8   17   13   11   28    7    5    5   20   10   11    1   12    3    4    3   21    2   29    7   19   28   27   26   16   16   19   29    3   18   18    4   22    2   14   12   23   23   15    2   10   11   25    0    0   29   17   28   29   20    6   22   25   28   27   24   21   25   28   13   27   29   15    1   24   25   23   19   14   27   26   16    9   26   29   28   26   29   20   24   24   17   26
   10    3   14   10    6    2   19   29    0   17   21   27   25   28   22    9   12   18   14    6   29   11   15    8   19    7   26   15   17    1   21    5   17   20   19   14    3   18   19   16   23    4   29   29   15    0   10   24   26   28   19   26   12   25   13   28   27   13   27   20   27    3   23   29   22   12   19   23   29   10   25   26   25   27   26   21   23   22   21   24   25   24   24   25
    3   14    4    6   13    2   11   27    2   17    7   11    1   23   13   13   19   12   27   22   20   23   16   17   15   18   28   19    5   12   20   12   14   29   13    7   15   10   22   17   15   16    8   29   18    0   19   22    2    0   26    0   24   29   24   23    2   24   19   24   10   26   28   28   29   25   29   28   21   25    6   26   26   28    9   29   27   28   27   26   25   21   25   23
    5   28   22   11    1   14   20   27    3    3    3   15    3    4   25    2   13   24   16   13    4   28    1   29    6   22   16   28   17    8   15    9   17   17   13   21   18    1   21   22    5   15   11   29   19    6    9   19   26   16   26    0   24   24   20   29   14    7   20   22   23   26   25   24   28   24   29   10   25   27   28   12   25   18   23   27   29   28   27   26   21   25   29   23
   10    4   15    6   15    1   11   18   10    8   16   16    0   14   18   21   17   15    6    2   24   17    7   14    5   24   12    7   23   22    3    9    0   20   23   19    5    0    6   26    5   18    8   11    3   26    3    2   26   20   16   24   24   25   29   29   29   27   12   26   17   12   29   21   25   28   29   25   28   23   24   29   27   25    6   10   27   28   27   27    8   13   23   28
   29   28   14    9    6    5   22    5   11   20   16    1    8   26   11    8   26   24    4   21    1    0   13   12   18    9   28   26   21    9   25   12    3   22   20    2   10   17   16   28   21   19    0   13   29    0   12    0   27   26   17    0    7   24   29    0   23   24   29    6   19    2   19   29   23   23   26   28   15   28   25   27   24   24   25   24   28   24   27    2   27    5   25   28
    1   24   19    8   27   28   11    3    9    8   19    2    5   18   18    1   16   20   20   11   17   13   11    8   15   21   24    2   13    4    7   29   29   28    0    5   18   13   23   28    9   24   12    2   27    8   22   28   21   25   26   16   28    0   25   28   29    4    6    0    4   24   14    6   28   25   24    5   10    3   27   29   26   12   25   23   11   23   29   25   26    3   16   23
