
1  0         94696      534000    1    0    1    1    1    0    1    0    1    1    2    0    1    0    1    2    0    0    1    0    1    1    0    2    1    0    1    1    2    0    1    1    1    0    3    1    2    0    0    0    0    4    1    0    2    1    0    2    1    0    2    1    1    1    1    3    0    0    4    1    1    1    3    1    2    1    1    2    1    2    1    2    3    1    4    1    8    1    3    4    1    2    2    4    4    2    3    5    2    1     43334     19333     22666
1  1        143728      501420    2    0    0    2    0    0    0    1    2    0    1    2    2    0    1    2    0    1    2    0    1    2    0    1    1    1    0    0    2    0    0    2    0    0    2    0    0    2    0    0    2    1    2    0    2    0    1    3    0    3    0    0    2    1    0    2    0    0    1    4    0    3    0    0    2    2    2    1    0    4    0    2    2    1    8    1    3    5    4    3    0    4    1    5    9    0    1    1    6    0     29458     40500     14875
1  2        138572      479446    2    0    0    0    0    4    0    0    4    0    2    0    2    0    0    2    0    0    2    0    0    2    0    0    0    2    0    2    0    1    0    2    1    1    2    0    2    0    1    0    2    1    0    3    0    0    2    1    2    0    1    0    1    3    1    1    1    2    1    0    0    0    6    1    2    0    1    2    0    0    4    1    4    2    2    2    5    0    1    0   11    3    4    0    4    3    3    6    2    1     32777     32918     17500
1  3         90320      477000    0    1    2    0    2    0    1    1    0    0    2    0    1    1    0    0    2    0    1    1    0    1    0    3    2    0    0    1    1    0    1    0    4    0    2    1    1    1    1    2    0    1    2    0    1    1    2    0    1    1    1    1    2    0    1    1    1    2    0    2    2    0    2    0    3    0    2    1    0    0    4    1    2    2    7    3    2    3    3    2    4    0    6    2    4    2    5    7    0    1     37750     34250     12250
1  4         95613      528156    0    2    0    0    2    0    0    2    0    1    1    1    0    2    0    0    1    1    1    0    2    0    2    0    2    0    1    1    1    1    0    0    2    1    0    2    0    0    2    1    1    1    1    2    0    1    0    2    1    2    0    2    0    2    1    1    1    0    1    2    3    1    1    2    1    1    2    1    1    0    0    4    1    3    3    2    6    0    4    3    2    3    0    5    5    1    5    7    6    0     12385     34308     38230
1  5        105458      521400    1    0    2    0    2    0    1    1    0    1    0    2    0    2    0    1    0    2    3    0    0    1    1    0    3    0    0    0    2    0    2    0    1    1    0    3    0    2    0    1    1    1    0    2    1    2    1    0    3    0    0    0    2    1    0    2    1    0    2    2    1    1    2    0    2    1    0    2    1    0    4    0    2    4    1    4    1    5    1    4    3    2    1    7    6    2    2    6    1    4     28400     37500     17300
1  6        103323      545000    0    1    1    2    0    0    1    0    2    0    2    0    1    1    0    1    1    0    2    0    0    1    0    2    0    1    2    0    2    0    0    2    1    0    1    3    0    1    3    3    0    1    2    1    0    1    2    0    0    2    1    1    1    1    0    2    1    3    0    1    0    3    0    1    2    0    2    0    2    2    2    1    1    5    1    3    1    6    4    0    5    3    1    6    2    5    2    6    3    0     31500     36000     18000
1  7         91010      570002    1    0    1    0    1    1    0    1    2    1    0    1    1    0    1    1    0    1    0    2    1    1    0    1    1    0    1    2    0    1    2    1    0    0    0    2    0    0    2    1    1    1    1    4    0    2    0    1    0    1    2    1    2    1    0    3    1    2    0    1    1    0    2    2    1    1    2    0    1    4    2    0    3    1    4    4    7    0    1    6    2    6    4    0    2    5    3    0    0    7     28333     16667     40000
1  8         90294      541502    0    4    0    0    0    2    1    2    0    1    2    0    2    0    0    1    2    0    1    1    1    0    0    2    0    3    0    1    1    1    1    2    0    1    0    2    0    3    1    2    1    0    0    3    1    2    1    0    2    0    1    1    1    1    0    0    3    2    0    1    3    0    0    1    3    0    1    0    2    1    3    2    6    0    1    3    0    4    1    2    5    3    5    1    0    0    9    5    3    2     33083     21000     31500
1  9         94621      523338    0    2    0    0    1    2    2    0    1    2    0    0    0    1    2    1    1    0    1    0    3    2    0    0    0    2    0    2    0    1    0    2    0    1    2    0    1    1    1    3    0    0    0    1    4    0    2    1    0    1    3    0    2    1    0    1    3    0    2    2    2    1    0    0    2    1    0    3    0    1    1    5    4    2    2    2    4    1    2    4    1    3    3    1    6    0    6    7    1    1     32223     37777     14446
1  10        101851      546800    0    1    1    1    1    0    1    1    0    2    0    0    0    0    4    0    1    2    0    2    0    2    0    0    2    0    0    1    0    3    1    1    1    0    2    0    2    0    1    2    0    1    0    3    0    3    0    0    1    1    1    1    1    2    1    2    0    2    1    0    1    1    2    0    2    2    0    3    0    1    3    1    0    4    5    5    1    2    5    0    4    2    5    0    3    3    5    3    3    5     31600     36000     18000
1  11         92269      555006    1    1    0    0    1    2    0    2    1    0    0    3    0    3    0    0    1    2    2    0    0    0    1    2    0    0    3    2    0    0    1    2    0    0    2    1    1    1    1    3    0    0    1    1    1    1    2    0    0    1    3    1    2    1    2    0    1    1    3    0    0    1    3    0    0    4    3    0    0    2    2    1    3    2    2    3    4    1    6    0    0    0    6    4    3    2    5    6    2    1     36889     23833     24334
1  12         92274      530000    1    0    1    1    0    1    0    0    2    1    2    0    0    2    1    0    2    1    0    2    1    0    4    0    2    0    0    1    1    1    1    0    2    2    1    0    1    0    2    0    0    3    1    1    1    3    0    0    0    5    0    2    0    1    1    1    1    3    0    0    1    4    0    1    2    1    0    0    3    0    1    4    3    1    3    3    1    3    1    0    6    3    6    1    2    6    3    8    0    0     34000     18000     33000
1  13         92809      520000    1    0    2    0    1    1    1    0    2    0    1    1    1    0    2    2    0    1    0    1    2    0    1    1    2    0    1    4    0    0    0    2    0    0    2    0    0    1    2    2    0    2    1    2    0    4    0    0    0    1    2    1    1    1    5    0    0    2    1    1    2    1    1    2    1    1    1    2    0    2    0    5    0    5    1    5    1    4    0    5    1    0    3    5    2    5    1    2    5    2     20625     41250     21750
1  14        131121      538000    1    1    0    1    0    1    1    0    1    2    0    0    0    0    3    0    1    2    2    0    0    0    3    0    0    1    2    1    1    1    2    1    0    2    0    1    0    0    3    0    0    3    0    2    2    1    1    1    3    0    0    0    0    3    2    1    0    0    1    3    1    2    1    1    0    2    0    2    2    1    4    1    2    3    3    4    4    0    0    6    4    6    1    0    1    7    3    8    0    0     35000     22000     28000
1  15        136724      185694    1    1    0    1    0    1    1    0    1    2    0    0    2    0    0    0    2    1    0    1    2    1    2    0    2    0    0    2    0    0    0    1    2    2    0    0    0    1    2    1    3    0    1    1    1    0    3    1    1    3    0    1    1    1    0    0    3    1    1    2    1    0    2    2    0    1    1    3    0    1    0    4    1    4    4    2    7    2    4    2    2    6    0    0    2    4    5    3    2    5     36231     17923     27538
1  16         95902      567200    1    0    1    0    0    2    0    0    2    1    0    1    1    2    0    0    2    1    2    1    0    0    0    2    0    0    3    2    1    0    2    0    1    1    0    2    2    0    1    2    2    0    0    2    1    0    4    0    2    1    0    2    0    1    0    1    2    0    3    1    0    3    1    2    0    1    2    2    0    1    4    1    4    2    2    0    3    5    4    2    2    3    3    2    6    3    1    2    1    6     28800     23400     34200
1  17         98201      536112    3    0    0    0    1    1    0    1    2    0    0    4    0    2    0    3    0    0    2    0    2    0    1    2    1    1    0    1    1    1    2    0    2    0    1    2    0    1    2    1    1    1    0    2    0    0    1    3    0    2    0    1    1    2    2    1    0    1    1    2    0    1    3    1    1    2    1    2    0    2    2    0    1    4    1    4    1    5    3    3    1    2    4    1    1    5    3   10    1    0     23611     43889     16389
1  18        132734      516668    0    2    0    0    2    0    1    1    0    1    0    2    0    2    0    1    0    2    0    2    1    0    2    1    2    0    0    0    3    0    2    0    0    1    1    1    0    1    4    2    0    1    2    0    1    1    1    2    2    0    1    1    1    2    1    1    2    1    2    0    1    0    5    0    3    0    0    2    3    1    2    4    4    2    1    4    1    4    1    4    4    4    2    0    2    5    1    7    0    0     39380     32286     11810
1  19        170710      498000    0    3    0    3    0    0    0    1    1    3    1    0    1    0    1    1    0    1    0    4    0    1    0    1    2    2    0    3    1    0    0    2    1    0    3    1    4    0    0    0    3    1    2    0    1    1    1    1    0    5    0    2    0    1    0    3    1    0    1    2    2    1    1    1    2    1    1    0    2    3    0    2    4    3    2    0    0    5    2    0    4    0    0    5    3    4    3    3    2    4     20000     18000     46000