
0     71391.00     1332526.00
1    176555.00     1362550.00
2    197991.00     1234474.00
3     38190.00     1390300.00
4    170832.00      330200.00
5    175935.00     1205524.00
6    195890.00     1232830.00
7     20006.00     1984800.00
8    117831.00     1194540.00
9    196625.00     1376474.00
10    187989.00     1198800.00
11     39311.00     1277820.00
12     39353.00     1334800.00
13     89008.00     1273800.00
14    170806.00     1327088.00
15    179376.00     1286798.00
16     91752.00     1338800.00
17    188085.00     1232800.00
18     48187.00     1358802.00
19     33536.00     1925128.00