
1  0         21118       53500    6    2    6    5    5    4    6    0    1    1    0    5    6    2    5    3    5    6    3    3    6    3    3    6    3    3    4     27500    130000    253000
1  1         21020      106875    2    4    6    4    4    6    2    0    1    6    0    6    0    6    5    5    3    5    3    3    6    3    4    5    3    3    4    130000     47500    230625
1  2         21124      176000    5    2    4    6    3    2    1    2    3    5    0    2    6    3    6    6    3    5    0    3    5    4    3    6    3    3    4    266000      9000    134000
1  3         21044       58750    0    0    6    4    5    5    4    0    6    2    0    1    2    3    5    6    0    6    3    3    5    3    3    6    3    3    4    125000     31250    250000
1  4         21168      114000    6    6    4    5    5    6    4    1    5    2    0    6    5    0    6    5    1    6    3    3    5    3    3    2    3    3    4     43000    125000    233000
1  5         21114      222500    6    6    4    5    5    1    5    6    6    0    0    6    6    3    5    3    0    6    3    3    5    3    3    2    3    3    4     50000     87500    275000
1  6         21150       54000    4    6    1    5    5    6    5    4    2    0    4    6    5    0    5    3    0    5    3    3    6    3    3    6    3    3    4     67000     89000    255000
1  7         21063      152250    5    5    2    1    5    4    5    6    0    1    0    6    6    0    6    6    3    5    3    3    5    3    3    4    3    3    6    140250     12500    250000
1  8         21100       52500    3    0    4    0    5    6    5    5    5    6    0    1    5    0    6    2    0    6    2    3    4    3    3    6    3    3    5    130000     30000    242500
1  9         21045       30000    1    1    6    0    4    6    5    3    5    5    0    6    5    1    6    2    0    6    2    3    4    3    3    5    3    3    4    120000     65000    220000
1  10         21042       55000    2    3    5    0    3    4    2    5    6    5    0    1    5    0    6    6    0    6    3    0    6    3    3    5    3    3    4    130000     30000    250000
1  11         21123      107500    2    6    6    5    5    4    5    6    6    0    0    1    0    4    5    3    3    6    2    3    6    3    3    5    3    3    4    120000     35000    257500
1  12         21066       65000    0    5    6    2    3    6    5    4    4    1    0    6    6    6    5    5    6    6    6    0    5    3    3    4    3    3    4    250000         0    150000
1  13         21154      146250    5    4    1    6    4    2    0    1    6    4    6    5    5    2    6    0    4    6    3    6    5    3    3    6    3    3    4    137500     43750    222500
1  14         21098       58750    6    3    2    6    0    5    0    5    1    5    0    6    5    0    6    6    3    6    3    0    4    3    3    5    3    3    4    125000     31250    250000
1  15         21116       52000    6    2    6    5    5    4    6    5    6    2    2    1    0    0    6    3    3    5    3    0    6    3    3    5    3    3    4     44000    108000    253000
1  16         21099       56875    3    0    2    5    5    4    1    3    5    1    0    6    0    0    6    6    0    6    5    3    5    3    3    6    3    3    4    127500     30625    250000
1  17         21015       64750    1    1    2    1    5    6    5    5    6    0    0    4    3    0    5    1    3    6    3    3    6    3    3    5    3    6    4     52000     99000    250250
1  18         21097       50625    6    0    6    4    2    1    6    5    6    6    2    6    5    0    5    3    5    6    3    3    5    3    3    4    3    3    4     27500    130000    254375
1  19         21076       85000    5    6    0    6    1    1    2    6    4    2    3    5    5    5    5    6    0    6    3    3    6    3    3    6    3    3    4    140000     20000    250000