
1  0         21878      160000    1    0    1    1    0    1    1    1    0    0    1    3    1    0    1    1    0    1    1    0    1    1    0    1    1    1    0    1    2    0    1    1    1    0    3    1    2    0    0    1    1    1    1    2    0    0    4    1    1    1    1    2    0    0    0    1    4    0    5    0    1    2    1    1    1    2    0    1    4    2    1    2    3    3    2    3    1    4    4    2    0    1    6    4    4    1    5    6    1    0     44000     20000     19000
1  1         40891      486000    0    0    2    1    1    0    0    0    3    1    0    1    1    2    0    0    2    1    2    0    0    1    0    1    1    0    1    2    0    0    1    0    2    0    1    2    1    3    0    1    0    2    0    0    3    2    1    0    1    3    0    0    0    3    2    1    0    1    3    0    1    2    1    1    4    0    1    0    2    0    0    5    0    6    4    4    2    2    3    5    1    4    0    3    5    2    2    5    4    1     36000     18000     30000
1  2         62309      167378    0    1    2    1    1    0    1    0    2    1    1    0    0    2    0    0    2    0    1    1    0    1    1    0    0    0    4    0    1    3    0    1    3    0    1    3    0    1    3    1    1    1    0    2    1    3    0    0    0    2    1    1    2    0    2    1    0    2    1    0    2    1    0    1    1    2    0    3    0    1    3    1    5    1    2    5    2    0    1    3    5    1    3    5    3    3    4    9    0    0     32748     33126     16437
1  3         73123       90000    1    0    0    0    4    0    1    1    0    1    0    1    1    0    1    0    5    0    1    0    1    1    0    1    1    1    0    1    0    2    1    1    1    1    1    1    1    0    2    1    0    3    1    2    0    1    2    1    1    2    0    1    0    2    1    2    0    1    2    1    2    0    0    1    3    0    1    3    0    2    0    3    2    1    8    3    1    4    2    2    7    2    6    2    4    3    1    5    0    0     55000     15000     13125
1  4         17657      464402    3    0    0    0    1    0    0    1    2    0    1    2    3    0    0    0    1    2    0    1    2    0    1    2    3    0    0    2    1    0    1    1    0    1    1    0    3    0    1    2    1    0    0    2    0    0    1    5    0    1    5    1    1    2    1    1    2    1    1    3    0    2    0    2    1    0    0    2    0    1    2    2    0    4    2    3    3    0    0    4    2    4    2    4    4    3    3    7    2    1     23333     54000      7200
1  5         13591      476876    0    0    1    0    0    1    3    1    0    0    2    1    0    2    1    3    1    0    0    2    1    0    2    1    0    2    1    0    0    2    1    0    1    0    0    2    1    0    1    4    0    0    1    2    1    4    1    0    4    1    0    1    1    1    1    1    1    0    0    2    1    3    1    2    0    1    1    4    1    1    2    2    0    0    4    0    0    4    1    6    3    2    2    3    4    4    3    7    3    2     20938      6250     57500
1  6         61586      120000    0    1    2    1    0    2    0    2    0    2    0    0    1    0    2    2    0    0    1    1    0    1    1    0    1    1    0    2    0    1    1    1    1    0    2    1    0    2    1    0    3    0    0    3    0    0    2    1    2    0    1    0    2    1    2    0    1    1    2    0    1    1    2    1    1    2    2    0    2    2    1    3    4    1    4    3    1    7    0    6    2    1    5    2    3    3    4    8    0    0     35000     33000     15000
1  7         32364      139000    2    0    0    1    1    0    1    1    0    0    2    0    0    2    0    2    0    0    2    0    0    1    1    0    1    1    0    0    1    3    2    0    1    0    2    1    2    0    1    1    2    0    2    0    1    0    2    2    0    2    2    1    1    1    1    1    1    3    0    0    1    1    2    0    1    4    2    1    0    0    2    5    4    2    1    1    3    6    3    3    2    2    4    2    3    2    6    4    4    1     33000     32833     16667
1  8         74277      490000    0    0    2    0    2    1    0    0    2    2    0    0    0    3    1    2    0    0    0    0    2    2    0    0    2    0    0    1    1    1    2    1    0    1    0    1    1    1    1    0    1    2    2    0    1    2    1    0    2    0    1    1    5    0    0    1    2    0    2    2    1    2    1    0    2    2    0    0    3    4    1    0    2    3    3    4    1    2    2    4    3    1    7    3    0    4    6    8    0    0     35000     11000     39000
1  9         90077      456000    0    2    1    1    0    1    1    0    1    0    1    2    0    5    0    0    3    1    0    1    2    0    1    2    0    3    1    0    1    2    2    0    0    2    0    0    1    3    0    2    1    0    2    1    0    2    1    0    0    2    2    1    3    0    0    0    3    0    2    2    2    1    0    0    0    3    1    0    2    3    0    1    2    0    5    3    2    3    4    1    2    5    3    0    3    3    4    5    2    2     38181     14273     30727
1  10         14765      113000    0    3    0    1    0    1    1    1    0    1    0    1    1    1    0    0    3    1    1    0    1    1    0    1    1    1    0    1    1    1    0    4    0    1    1    1    1    0    2    1    1    2    1    1    1    1    1    1    1    2    0    1    1    1    2    0    0    1    1    2    1    2    1    1    1    2    1    2    1    3    0    0    4    0    2    3    2    3    2    4    4    2    4    4    3    3    6    4    2    3     49500     20000     13500
1  11         79665      103752    0    1    1    0    1    1    3    0    0    1    1    0    1    1    0    0    1    2    0    1    2    0    1    2    0    1    2    1    1    1    0    1    3    1    1    1    3    0    1    0    2    0    0    2    0    0    2    0    1    1    1    0    1    4    0    2    0    0    2    0    0    2    0    4    0    0    3    0    2    2    2    0    0    4    3    2    3    3    4    2    3    5    1    7    2    4    3    9    1    0     25063     49500     10250
1  12         51462      158750    1    1    0    1    0    2    2    0    1    1    1    0    0    1    2    1    0    2    2    0    1    0    1    2    1    1    0    1    1    1    0    2    0    3    0    0    0    2    0    2    1    0    1    0    3    2    1    0    3    0    0    0    1    3    2    0    2    0    2    1    3    0    1    2    0    2    0    3    0    1    2    2    2    2    6    2    4    2    4    3    0    0    5    2    1    5    4    4    3    3     27375     36666     17875
1  13         34667      116676    1    0    1    1    0    1    0    2    1    0    3    0    1    0    2    1    1    0    1    1    0    1    1    0    1    0    2    2    0    0    2    0    0    1    0    3    1    0    3    2    0    0    2    0    0    1    0    3    1    1    1    0    3    1    1    1    2    2    0    1    1    2    0    1    2    0    1    1    2    2    2    1    5    0    1    3    1    5    1    6    1    2    3    5    0    8    6    4    4    0     44000     25666     13000
1  14         39571       97170    0    1    1    0    1    1    2    0    2    1    1    0    3    0    0    2    0    2    0    1    2    3    0    0    1    1    0    3    0    1    3    0    1    0    1    3    1    1    1    0    2    0    1    1    1    0    1    4    2    1    0    0    2    0    0    2    0    2    1    0    1    1    2    0    2    0    0    2    0    0    3    0    1    4    1    6    1    4    1    3    5    5    2    1    0    5    2    4    2    8     23333     49500     10958
1  15         14075      128070    0    2    0    0    1    2    1    1    0    0    1    3    0    2    1    1    1    0    1    1    0    2    0    0    2    0    0    2    0    0    0    2    1    1    1    1    0    3    0    1    1    1    1    1    1    2    0    1    0    1    4    1    0    3    2    0    1    2    1    0    1    1    2    1    2    0    0    2    3    1    2    3    3    2    4    3    2    3    3    3    2    4    2    1    3    3    5    4    4    0     38500     29333     15300
1  16          5058      118000    2    0    0    0    2    0    1    1    0    0    1    2    0    1    2    1    1    0    0    0    4    0    1    2    2    0    0    0    2    1    1    1    1    0    1    3    0    1    3    1    1    1    0    2    1    0    2    1    0    2    1    0    2    1    1    1    1    2    1    0    0    1    4    2    0    2    3    0    0    2    2    1    4    1    4    4    2    2    1    4    4    4    3    0    3    5    1    8    1    0     32750     33000     16750
1  17         47312      144000    0    2    2    1    1    0    0    0    4    1    0    1    1    0    1    1    1    0    1    1    0    1    1    0    1    1    0    1    0    2    0    4    1    1    0    2    1    2    0    1    1    1    1    3    0    0    0    5    1    3    0    2    0    0    1    1    1    2    0    0    1    2    1    2    0    0    1    2    1    1    1    4    3    2    3    3    2    3    3    3    2    4    0    1    2    3    7    4    6    0     49500     15000     18000
1  18         42407      126000    1    0    1    0    0    3    1    1    0    2    0    0    0    1    2    1    0    2    2    0    0    0    2    1    2    0    0    0    3    0    2    0    0    1    1    1    2    0    0    1    1    1    0    1    3    2    0    1    1    2    0    0    2    2    2    0    1    1    0    3    0    3    1    0    2    2    1    2    1    2    2    1    2    4    2    3    3    2    3    3    2    2    4    3    3    4    3    5    1    4     36000     27000     20000
1  19         69463      146500    0    1    1    2    0    0    0    2    0    1    0    3    1    1    0    1    0    3    2    0    1    1    0    3    0    1    2    3    0    0    1    0    3    0    2    0    0    2    0    0    1    3    1    1    1    3    0    0    0    1    3    2    1    0    2    1    0    1    2    0    0    1    4    0    2    1    2    1    0    4    1    0    3    2    3    1    5    0    2    3    4    2    4    1    3    3    5    4    4    1     27875     38500     16175