
1  0         90154       64000    0    1    0    3    0    3    0    1    1    0    1    1    0    1    1    0    1    1    0    1    1    0    1    1    0    1    1    1    1    1    1    1    1    1    1    0    1    1    0    1    1    2    1    1    2    1    1    2    2    1    1    1    1    2    1    1    3    2    1    1    2    1    1    2    1    1    2    1    2    1    2    1    5    2    5    2    3    2    3    3    1    3    3    0    5    3    3    1    4    1     14000     64000      6000
1  1         90172       85716    1    0    0    1    0    0    1    0    0    1    0    0    1    0    0    1    0    1    1    0    0    1    0    0    1    0    0    1    1    0    1    1    1    1    0    1    1    1    1    1    1    1    1    1    2    1    2    1    1    1    2    1    2    0    1    1    2    1    2    2    1    2    2    1    2    2    1    2    2    1    4    6    2    6    5    3    3    1    3    2    2    2    6    6    4    1    1    4    1    1     65714     10000      7143
1  2         90154       94288    0    1    0    0    1    0    0    1    1    0    1    0    0    1    0    0    1    0    0    1    0    0    1    0    0    1    1    1    1    1    1    1    0    0    1    2    0    1    1    2    1    1    1    1    1    2    1    1    2    1    1    1    1    1    2    1    1    2    1    2    2    1    2    2    1    2    2    1    2    0    2    2    1    3    2    2    3    2    7    2    5    1    3    2    5    3    5    6    3    4      7572     66000      9000
1  3         90154       90668    0    1    0    0    1    0    0    1    1    0    1    1    0    1    1    0    1    1    0    1    0    0    1    1    0    1    1    1    1    1    1    1    1    1    1    1    1    1    0    1    1    2    5    0    5    2    1    0    1    1    1    1    1    2    1    1    1    2    1    2    1    1    4    2    1    1    2    1    1    1    2    1    3    3    1    6    2    5    2    3    2    2    3    1    4    3    4    2    4    0     12666     64666      5334
1  4         90172       76000    1    0    0    1    0    0    1    0    1    1    0    0    1    0    1    1    0    1    1    0    1    1    0    0    1    0    1    1    1    1    1    1    0    1    1    1    1    1    0    1    1    1    1    1    3    1    1    1    1    1    2    1    1    2    1    1    2    1    2    2    1    2    1    1    2    1    1    2    2    2    1    1    3    3    1    3    2    1    2    6    5    2    6    5    3    5    4    4    1    1     66000     13000      4000
1  5         90172       80000    1    0    0    1    0    0    1    1    0    1    1    0    1    1    0    1    1    0    1    1    0    1    1    0    1    1    0    1    1    1    1    1    1    1    0    1    1    2    0    1    0    2    1    2    1    1    1    2    1    1    2    1    1    1    1    1    1    1    2    2    1    2    2    1    2    2    1    1    2    1    3    5    2    4    6    3    3    1    3    1    2    3    2    2    4    1    1    3    4    5     65500      4500     13500
1  6         90154       72000    0    1    0    0    1    0    0    1    1    0    1    1    0    1    1    0    1    1    0    1    1    0    1    1    0    1    1    1    1    1    1    1    1    1    1    0    1    1    1    1    1    2    1    1    1    2    1    0    1    1    1    2    1    1    1    1    1    2    1    2    2    1    2    2    1    2    2    1    2    1    2    1    1    3    3    6    2    5    2    3    1    2    3    1    5    3    3    5    3    4     13200     66000      4000
1  7         90172       65808    0    1    0    0    1    0    0    1    1    0    1    1    0    1    1    0    1    1    0    1    1    0    1    1    0    1    1    1    1    0    1    1    1    1    1    1    1    1    0    2    1    0    2    1    1    1    1    2    1    1    1    1    1    1    1    1    2    2    1    2    2    1    2    2    1    1    2    1    1    1    2    2    2    3    1    6    2    4    2    3    1    2    3    2    1    4    1    8    2    9     13548     65484      4516
1  8         90172       62858    1    0    0    1    0    0    1    1    0    1    1    0    1    1    0    1    1    0    1    1    0    1    1    0    1    1    0    1    0    1    1    0    1    1    1    1    1    1    1    1    2    1    1    0    2    1    0    2    1    1    1    1    2    1    1    2    1    1    2    2    1    2    2    1    2    2    1    2    2    2    1    1    3    1    2    3    2    2    2    4    5    2    5    6    4    1    1    3    4    5     65714      4286     12857
1  9         90154       60718    0    1    0    0    1    0    1    1    0    1    1    0    1    1    0    1    1    0    0    1    0    1    1    0    0    1    0    1    1    1    0    1    1    1    1    1    0    1    1    2    1    1    2    1    1    2    1    1    2    1    1    0    1    2    0    1    2    2    1    2    2    1    2    2    1    2    1    1    3    1    2    1    6    2    5    4    2    6    1    3    2    6    2    5    1    4    1    1    4    1      6071     65357     12501
1  10         90172       57000    0    1    0    0    1    0    0    1    1    0    1    1    0    1    1    0    1    1    0    1    1    0    1    1    0    1    1    1    1    0    1    1    1    1    1    0    1    1    1    1    1    2    1    1    2    1    1    2    1    1    3    2    1    0    1    1    1    2    1    2    2    1    2    2    1    1    2    1    2    1    2    1    6    2    4    2    3    0    2    3    2    6    2    4    5    3    4    1    4    1     13500     65500      4500
1  11         90154       77476    1    0    0    1    0    0    1    1    0    1    0    0    1    0    0    1    0    0    1    1    0    1    0    0    1    1    0    1    1    1    1    0    1    1    1    1    1    2    0    1    0    2    1    2    1    1    2    1    1    1    2    1    1    2    1    2    1    1    1    2    1    2    2    1    2    2    1    2    2    1    5    5    3    1    2    3    1    2    3    4    1    2    5    6    4    0    1    3    4    5     66000      4948     12210
1  12         90154       66000    1    0    0    1    0    0    1    0    1    1    0    1    1    0    1    1    0    0    1    0    1    1    0    1    1    0    1    1    1    0    1    1    0    1    1    1    1    1    0    1    1    1    1    2    1    1    1    2    1    1    3    1    1    3    1    1    3    1    2    1    1    2    1    1    2    2    1    2    2    1    5    5    3    2    2    2    6    5    2    6    3    3    2    0    4    1    1    4    1    0     66000     13500      3500
1  13         90136      121334    1    1    0    0    1    0    0    1    1    0    1    1    0    1    1    0    1    1    0    1    1    0    1    1    0    1    1    1    1    1    1    1    1    1    1    1    1    1    1    2    1    1    1    1    1    2    1    1    1    1    1    2    1    1    1    1    1    0    2    0    1    1    2    2    1    1    2    1    1    1    2    2    2    3    2    1    4    0    4    2    4    4    2    4    5    3    3    6    2    6     12000     54000     16667
1  14         90172      104006    1    0    1    1    0    1    0    4    0    1    0    1    1    0    1    1    0    1    1    0    1    0    4    0    1    0    1    1    1    1    1    1    1    1    1    1    1    1    1    1    1    1    1    1    1    1    1    1    1    1    1    1    2    1    1    1    1    1    2    1    1    2    1    1    2    1    1    2    1    1    3    2    2    6    2    3    2    3    3    2    3    4    0    3    4    1    4    4    1    4     31427     16571     34430
1  15         90154      105362    1    0    1    1    0    1    1    0    1    1    0    1    1    0    1    1    0    1    1    0    1    1    0    1    1    0    1    1    1    1    1    1    1    1    1    1    1    1    1    1    1    1    1    2    1    1    1    1    1    1    1    1    1    1    1    1    1    1    2    1    1    2    1    1    2    1    1    2    1    2    1    2    3    2    3    2    8    1    3    2    3    3    2    3    2    7    3    4    1    4     32681     16428     33214
1  16         90154       77144    1    0    0    1    0    0    1    0    1    1    0    1    1    0    1    1    0    1    1    0    1    1    0    1    1    0    1    1    1    1    1    1    0    1    1    1    1    1    1    1    1    1    1    1    1    1    1    1    1    1    1    1    2    1    1    1    1    1    2    2    1    2    2    1    2    1    1    2    2    2    1    1    2    6    5    3    2    2    3    2    2    2    6    4    3    5    4    4    1    1     65714     12857      4286
1  17         90154       84000    0    1    0    0    1    0    1    1    0    1    1    0    1    1    0    1    1    0    0    1    1    1    1    0    1    1    0    0    1    1    1    1    1    0    1    1    1    1    1    1    1    1    1    1    1    2    1    1    1    1    1    1    1    2    2    1    1    2    1    2    1    1    2    1    1    2    2    1    2    2    2    1    1    3    2    2    3    2    2    3    2    4    2    6    4    3    5    5    3    4      6000     64000     13000
1  18         90172       72636    1    0    0    1    0    0    1    0    1    1    0    1    1    0    1    1    0    1    1    0    1    1    0    1    1    0    1    1    1    0    1    1    0    1    1    1    1    1    0    1    1    2    1    1    2    1    2    1    1    1    2    1    1    1    0    5    4    1    2    1    1    2    1    1    2    1    1    2    1    1    5    5    2    5    6    3    3    2    3    2    1    3    2    2    4    1    1    4    1    1     65263     14211      4737
1  19         90172       85616    0    1    0    0    1    0    0    1    0    0    1    0    0    1    0    0    1    0    0    1    1    0    1    0    0    1    1    1    1    1    0    1    1    1    1    1    1    1    0    1    1    2    2    1    1    2    1    1    1    1    2    2    1    1    2    1    0    2    1    2    2    1    2    2    1    2    2    1    2    1    2    1    5    2    6    2    3    1    6    2    5    2    3    2    1    4    1    4    3    6     11049     65615      6493