
2  0         27046       25004    0    2    5    1    2    5    3    5    5    3    5    5    4    6    5    4    6    5    5    6    5    6    6    5    6    6    5    250000    120000     34444
2  1         27046       27501    0    1    1    3    1    5    3    2    5    4    2    5    4    2    5    6    5    5    6    5    5    6    5    5    6    6    5    250000     86667     67500
2  2         27046       28750    1    0    5    4    0    6    4    2    6    5    2    6    5    3    6    5    3    6    6    3    6    6    3    6    6    6    6    255000    125000     26250
2  3         27046       21669    0    2    2    1    5    2    3    5    2    3    6    2    4    6    2    4    6    2    5    6    2    5    6    2    6    6    2    250000    141667     13148
2  4         27064       26726    0    2    4    1    2    4    3    4    4    3    5    4    4    5    4    6    5    5    6    5    6    6    5    6    6    5    6    255002    129483     23103
2  5         27064       15835    0    2    3    1    2    3    3    3    3    4    5    3    4    5    3    6    5    6    6    5    6    6    5    6    6    5    6    252083    133333     22917
2  6         27046       46544    0    1    1    2    3    1    3    3    1    4    6    1    4    6    1    5    6    1    5    6    5    5    6    5    6    6    6    253643    137804     19533
2  7         27154       18128    0    4    5    1    4    5    2    4    5    3    4    5    3    5    5    6    5    5    6    5    6    6    5    6    6    5    6    253125    125000     29167
2  8         27046       29798    0    1    1    2    1    3    3    5    3    4    5    3    4    5    3    6    5    3    6    5    5    6    5    5    6    6    5    247970    108130     50406
2  9         27046        9287    0    5    2    1    5    2    3    5    2    3    5    2    4    6    2    4    6    2    5    6    2    6    6    5    6    6    5    250000    120000     37143
2  10         27046       36875    0    1    3    4    1    3    4    2    3    5    2    3    5    3    3    6    3    3    6    5    3    6    5    5    6    6    5    243125    127500     35000
2  11         27100       22501    0    4    4    1    6    6    4    4    3    5    4    3    5    4    3    2    6    3    6    4    5    6    5    5    6    6    6    260416     22917    125000
2  12         27154       17632    0    4    4    1    5    5    2    5    4    3    5    4    3    5    4    4    6    4    5    6    6    6    6    6    6    6    6    250001    131579     23684
2  13         27154       35000    0    3    2    1    3    5    2    3    6    5    3    6    5    4    6    5    4    6    6    4    6    6    4    6    6    6    6    256750    125000     29250
2  14         27046       15004    0    3    5    1    3    5    2    3    5    3    5    6    4    6    6    4    6    6    5    6    6    5    6    6    6    6    6    250001     83333     72222
2  15         27046       15004    0    5    6    1    5    6    2    5    6    3    5    6    3    5    6    4    5    6    4    5    6    6    5    6    6    6    6    250000    100000     55556
2  16         27190       15004    0    5    5    1    6    5    2    6    5    3    6    5    3    6    5    4    6    5    4    6    5    5    6    5    5    6    5    250000    137500     18056
2  17         27172       28750    0    2    5    1    2    6    3    4    6    3    4    6    4    5    6    5    5    6    5    6    6    6    6    6    6    6    6    250000    130000     26250
2  18         27172       17554    3    0    0    4    0    1    5    1    1    5    2    1    5    2    1    6    3    1    6    3    1    6    4    2    6    4    6    269182    115409     23265
2  19         27046       25213    0    3    2    1    5    3    2    5    3    3    6    3    4    6    3    4    6    3    5    6    3    5    6    3    6    6    3    250000    141667     13542