
1  0         90792      573200    1    0    0    0    4    3    1    0    0    1    0    0    1    0    0    1    0    0    0    3    4    1    0    0    1    0    0    1    0    1    2    0    0    1    1    1    1    2    0    2    0    0    1    1    1    1    1    1    1    1    1    0    4    5    2    1    0    1    2    2    1    3    1    1    1    2    1    1    2    2    0    1    2    3    5    3    0    2    2    7    4    2    5    5    4    2    0    4    0    1     67600      6000     13200
1  1         90617      140402    1    0    0    1    0    0    1    1    0    1    0    1    1    0    1    1    0    1    1    1    0    0    5    0    1    0    1    1    0    2    1    1    1    1    1    1    1    0    2    1    1    1    1    1    2    1    2    1    1    1    1    1    1    1    1    1    1    1    2    1    2    0    0    1    2    1    1    2    1    2    0    3    2    5    3    3    1    4    3    1    4    2    6    2    3    4    3    4    3    3     55000     15400     13199
1  2         90115      773370    4    5    0    1    1    0    1    1    0    1    1    0    1    1    0    1    1    0    1    1    0    1    1    0    1    1    0    1    1    0    1    1    0    1    1    1    1    1    1    1    1    1    1    1    1    1    1    1    1    1    1    1    1    1    2    1    0    0    0    5    1    1    1    1    2    0    1    1    1    0    2    4    3    2    3    3    3    0    2    0    9    2    3    3    3    3    3    3    2    6     33307     38692     18153
1  3         90396       99000    0    8    0    1    0    0    1    0    1    1    0    1    1    0    1    1    0    1    1    2    0    1    0    1    1    0    1    1    0    1    1    0    1    1    0    1    1    0    1    1    1    1    1    2    1    1    0    2    1    1    1    1    2    1    1    2    1    1    1    2    1    3    1    1    0    2    1    1    2    2    0    2    3    2    2    3    5    1    3    0    3    3    5    1    3    2    5    3    5    4     58500      7500     17000
1  4         90109      545196    0    2   11    1    0    0    1    1    1    1    0    0    1    0    0    1    0    0    1    1    0    1    0    1    1    0    1    1    1    0    1    1    0    1    1    0    1    1    0    1    1    0    1    1    0    1    1    0    1    1    0    1    1    0    1    2    0    1    2    0    1    2    0    2    0    0    2    0    0    2    1    0    3    2    5    2    5    5    2    5    6    2    5    3    3    4    5    4    1    4     63275     18620      2068
1  5         90456       97782    1    0    0    1    0    0    1    0    0    1    0    0    1    0    0    1    1    0    1    0    1    1    0    0    1    0    1    1    0    1    1    0    1    1    1    1    1    0    1    1    1    2    1    2    1    1    1    2    1    2    1    1    1    2    1    2    1    1    1    3    1    1    2    1    2    2    1    3    1    2    0    1    3    1    2    3    0    3    2   11    2    3    3    1    3    6    4    3    3    6     66000      7111      9888
1  6         90612      121600    1   17    0    1    1    0    1    0    0    1    0    0    1    0    0    1    0    0    1    1    0    1    0    0    1    0    0    1    2    1    1    0    1    1    0    1    1    0    1    1    0    2    1    0    1    1    1    1    1    0    2    1    0    1    1    0    1    1    0    2    1    1    2    1    2    2    1    0    2    2    1    1    2    4    6    3    0    2    3    1    1    3    3    2    3    2    5    3    6    5     66000         0     16400
1  7         90476      543000    0    0    2    1    0    1    1    0    1    2    0    0    1    0    1    1    0    1    1    0    2    1    0    1    1    1    1    2    0    0    0    7    0    2    0    0    1    1    1    1    0    2    1    1    1    1    1    1    1    0    2    1    1    1    2    0    0    1    2    1    1    2    1    1    2    1    1    0    2    2    0    2    2    4    3    2    5    3    2    6    2    2    4    3    3    3    3    4    2    3     40500     15000     29500
1  8         90432      533446    1    1    1    1    0    1    2    1    0    1    0    1    1    0    1    2    0    0    1    0    1    1    3    0    1    0    1    1    4    0    1    1    1    1    2    1    1    0    1    3    0    0    0    0    2    0    0    2    1    3    1    1    2    1    1    1    1    0    9    0    2    0    1    1    2    1    2    0    1    2    4    1    2    0    4    2    0    4    2    0    4    2    4    3    2    4    4    4    1    3     31500     11111     41750
1  9         90288      490000    1    1    0    1    1    0    1    1    0    1    0    0    1    0    0    1    1    0    1    1    0    1    1    0    1    1    1    1    1    1    1    1    1    1    1    1    1    1    1    1    1    2    1    1    1    1    2    2    1    1    1    1    1    1    1    1    1    1    1    2    1    2    2    1    1    2    1    1    2    2    3    1    2    2    6    3    3    1    3    3    2    3    2    2    3    3    4    3    3    5     70000         0     15000
1  10         90225      884000    0    1    1    1    0    1    1    1    0    0    1    1    1    1    0    2    0    1    0    2    0    0    1    2    0    1    2    0    1    3    2    0    1    2    0    1    1    1    1    2    0    1    2    1    0    3    0    0    1    2    0    1    0    2    3    0    0    1    1    1    2    1    0    0    1    2    1    2    0    3    1    1    0    4    3    0    9    7    8    0    0    1    3    3    2    3    4    2    4    4     29000     35000     28000
1  11         90037      574334    0    0    2    1    0    1    1    0    1    1    0    1    1    0    1    1    0    1    1    0    1    1    0    1    1    0    1    2    0    0    1    0    1    1    0    1    2    0    1    1    1    1    1    1    1    1    1    1    1    1    1    1    1    1    1    0    2    1    0    2    1    2    1    1    1    2    2    1    1    2    3    1    3    4    2    0   12    2    2    4    3    3    4    2    3    3    3    4    3    3     40000     13833     32000
1  12         90550     1417000    6    0    0    1    0    2    0    1    1    1    1    0    1    1    0    0    1    1    1    0    1    0    2    0    1    0    1    2    0    0    0    2    0    0   11   10    1    0    2    2    0    1    1    1    0    1    0    3    1    1    0    1    2    0    1    1    0    2    0    2    1    1    1    0    1    3    0    1    3    2    1    2    3    2    1    4    1    0    2    3    1    2    3    1    2    3    3    3    2    3     41750     41750     21250
1  13         90307      136736    0   11    0    1    0    0    1    0    1    1    0    0    1    0    0    1    0    0    1    1    0    1    0    1    1    0    0    1    3    0    1    0    1    1    0    1    1    0    1    1    1    2    1    1    1    1    1    1    1    0    2    1    2    1    1    0    3    1    2    2    1    2    2    1    2    2    1    3    1    2    1    1    3    2    3    3    4    1    3    2    2    3    1    2    3    1    6    3    2    5     66000      5454     11000
1  14         91058      470000    0    1    1    0    1    0    0    1    1    0    1    0    0    1    0    0    1    0    0    1    0    0    1    0    0    1    0    0    1    2    1    1    0    1    1    2    1    1    0    2    1    0    1    1    2    0    2    0    2    1    0    6    0    6    1    1    2    2    1    2    2    1    3    2    1    2    2    1    2    1    2    0    0    3    1    1    3    2    6    2    6    1    3    2    5    3    3    5    3    3     10000     70000      5000
1  15         90096      723644    0    3    1    0    1    0    0    1    0    0    1    1    0    1    0    0    1    1    5    0    0    0    1    0    0    1    1    0    1    1    1    2    0    1    1    0    0    1    1    1    1    1    6    0    1    7    0    0    2    1    1    0    1    2    0    1    2    2    1    1    1    1    2    3    1    0    1    1    1    0    2    2    3    3    0    1    3    2    0    4    2    5    2    3    0    4    1    3    1   15     13048     65243     11707
1  16         90448      440000    0    4    4    1    0    0    1    0    0    1    0    0    1    0    0    1    0    0    1    0    0    1    0    0    1    0    0    1    1    0    1    2    0    1    0    1    1    0    1    1    2    1    1    2    1    1    1    1    2    0    0    1    2    2    1    2    1    1    2    2    1    2    2    1    2    2    1    2    2    2    0    1    3    1    2    3    0    2    3    2    1    2    6    6    3    4    5    3    5    5     70000      5000     10000
1  17         90187      684400    1    0    0    1    0    0    1    1    0    1    1    1    1    1    0    1    0    1    1    1    0    0    2    2    0    2    2    2    0    1    1    0    1    2    0    0    1    1    1    1    1    1    1    1    1    2    0    0    2    0    0    2    0    1    1    1    1    1    2    2    1    2    1    2    0    0    2    0    1    1    3    3    3    1    2    1    5    5    2    4    4    2    5    3    3    3    3    2    5    5     54000     16000     18400
1  18         90464      452464    1    0    0    1    0    0    0    1    4    1    0    1    1    0    1    1    1    0    0    3    2    0    0    5    1    1    0    1    1    1    1    0    2    1    1    1    0    0    6    1    1    1    1    2    1    1    3    0    1    1    1    2    0    0    1    2    1    1    0    3    1    2    1    1    1    2    1    1    2    2    3    0    4    0    0    4    0    0    3    2    2    4    0    0    2   13    0    3    3    5     57500     12692     14000
1  19         90100      554000    1    0    2    1    0    0    1    0    1    0    3    2    1    1    1    1    0    1    1    0    1    1    0    1    1    1    1    1    1    1    1    1    1    2    1    0    1    1    1    1    1    1    1    1    1    1    0    2    1    1    1    1    1    1    1    0    2    1    2    1    1    2    1    1    4    0    1    2    1    1    4    2    3    1    3    3    3    2    2    4    3    3    2    2    4    2    2    3    3    4     54000     14000     18000