
1  0        111140       64002    0    0    1    0    0    1    0    0    1    0    1    1    0    0    1    0    1    1    0    1    1    0    0    1    0    0    1    1    0    1    1    0    1    1    0    1    1    0    1    2    0    1    2    0    1    2    0    1    2    0    1    2    0    1    2    0    1    2    2    1    3    0    1    3    0    1    3    0    1    2    0    2    1    4    3    2    1    3    2    1    3    2    1    3    3    9    3    3   21    2     12000      5333     66000
1  1         90113       71500    1    0    0    1    0    0    1    0    1    1    0    1    1    0    1    1    1    0    1    0    1    1    0    1    1    0    0    1    1    0    1    1    0    1    1    0    1    1    0    1    2    0    1    2    0    1    2    0    1    2    0    1    2    0    1    2    0    1    3    0    1    3    0    1    3    0    1    2    1    2    2    0    3    0    6    3    3    2    3    3    0    2    4    7    4    1    2    2    1   19     63000     13500      7250
1  2         98231       67062    1    0    0    1    0    0    1    0    0    1    0    0    1    0    1    1    0    1    1    0    0    1    0    0    1    0    1    1    1    0    1    1    0    1    1    0    1    1    0    1    2    0    1    2    0    1    1    1    1    2    0    1    2    0    1    2    0    1    3    0    1    3    0    1    3    0    1    2    2    2    2    0    2    6    5    3    0    6    3    2    2    3    1    3    4    0    3    2    5   17     66000     12000      5177
1  3        127197       86000    0    0    1    0    0    1    1    0    1    1    0    1    0    0    1    0    0    1    1    0    1    0    0    1    0    0    1    0    1    1    0    1    1    0    1    1    0    1    1    0    2    1    0    2    1    0    2    1    0    2    1    0    2    1    0    2    1    0    3    1    0    3    1    0    3    1    0    2    1    0    2    2    6    0    3    2    2    3    4    1    3    7    5    2    7    3    3   13    2    3      5000     12000     66000
1  4        121917       68064    0    1    0    0    1    0    0    1    1    0    1    0    1    1    0    0    1    0    0    1    0    1    1    0    1    1    0    1    1    1    0    1    1    0    1    1    1    1    1    0    1    2    0    1    2    0    1    2    0    1    2    0    1    2    0    1    2    0    1    3    0    1    3    0    1    3    0    1    3    0    2    2    2    3    2    6    3    0    4    3    1    2    3    2    2    4    1   21    1    5      7156     63000     13344
1  5        122079       50834    1    0    0    1    0    0    1    1    0    1    0    0    1    1    0    1    1    0    1    1    0    1    0    0    1    1    0    1    0    1    1    0    1    1    0    1    1    0    1    1    0    2    1    0    2    1    0    2    1    0    2    1    0    2    1    0    2    1    0    3    1    1    2    1    0    3    1    2    2    2    1    1    3    6    0    2    7    5    3    1    2    3    2    2    4    3    0    2   14    6     65838      5417     12081
1  6        100753       66682    0    1    0    0    1    0    0    1    1    1    1    0    0    1    0    1    1    0    0    1    1    1    1    0    1    1    0    0    1    1    0    1    1    1    1    1    0    1    1    0    1    2    0    1    2    0    1    2    0    1    2    0    1    2    0    1    2    0    1    2    0    1    3    0    1    3    1    1    2    0    2    2    4    3    1    4    3    1    6    3    0    4    3    1    5    3    4   13    2    5      6667     63332     13334
1  7        109252       43536    0    1    0    0    1    0    0    1    1    0    1    1    0    1    1    0    1    1    0    1    1    0    1    1    0    1    1    1    1    1    1    1    0    1    1    0    1    1    1    2    1    0    2    1    0    2    1    0    2    1    0    2    1    0    2    1    0    2    1    2    2    1    1    2    1    1    2    1    1    2    2    0    3    3    0    3    3    0    2    3    2    3    3    0    3    3    8    2    2   18     13529     62942      7058
1  8        117134       69766    1    0    0    1    0    0    1    0    0    1    1    0    1    0    1    1    1    0    1    0    1    1    1    0    1    1    0    1    0    1    1    0    1    1    0    1    1    1    1    1    0    2    1    0    2    1    0    2    1    0    2    1    0    2    1    0    2    1    0    3    1    1    2    1    0    3    1    0    3    2    0    2    3    5    0    3    4    1    3    3    1    3    2    2    4    4    0    1   18    7     63170      6830     13413
1  9        107924       60000    1    0    0    1    0    0    1    1    0    1    0    1    1    1    0    1    1    0    1    1    0    1    1    0    1    0    1    1    0    1    1    0    1    1    1    1    1    0    1    1    0    2    1    0    2    1    0    2    1    0    2    1    0    2    1    0    2    1    0    3    1    1    2    1    0    3    1    0    3    2    0    2    3    4    1    3    2    2    3    3    2    2    8    3    4    2    1    2   16    2     62000      8000     14000
1  10        107302       67584    0    0    1    0    0    1    0    0    1    0    0    1    1    0    1    1    0    1    1    0    1    1    0    1    1    0    1    0    1    1    0    1    1    0    1    1    0    1    1    0    2    1    0    2    1    0    2    1    0    2    1    0    2    1    0    2    1    0    3    1    0    3    1    0    3    1    0    3    1    0    2    2    3    1    3    1    2    3    9    4    2    2    1    3    3    0    4   19    4    2      5263     12000     66000
1  11        114127       92000    1    2    0    1    2    0    1    0    1    1    2    0    2    0    0    1    0    1    1    0    1    1    2    0    1    0    1    1    1    1    0    1    2    2    0    0    1    1    1    1    2    1    0    2    2    2    1    0    0    0    3    2    1    0    2    1    0    1    2    1    2    1    0    1    2    1    2    2    0    1    1    3    4    1    2    5    1    1    2    4    3    0    5    5    3    3    4    0    2    8     38000     14000     32000
1  12        122960       60006    1    0    0    1    0    0    1    1    0    1    1    0    1    0    0    1    0    0    1    1    0    1    1    0    1    1    0    1    0    1    1    1    1    1    1    1    1    0    1    1    0    2    1    0    2    1    0    2    1    0    2    1    0    2    1    0    2    1    0    3    1    0    3    1    0    3    1    0    3    2    0    2    3    4    1    2    4    5    3    2    2    3    4    1    4    4    0    2   17    3     63333      6667     13333
1  13        125848       46674    1    0    0    1    0    0    1    0    1    1    0    1    1    0    1    1    0    1    1    0    1    1    0    1    1    0    1    1    1    0    1    1    0    1    1    0    1    1    0    1    2    0    1    2    0    1    2    0    1    2    0    1    2    0    1    2    0    1    3    0    1    3    0    1    3    0    1    3    0    2    2    0    3    1    4    2    4    7    3    2    2    3    1    4    4    1    1    2    3   17     63333     13333      6667
1  14        113610      504832    1    0    1    1    0    1    1    1    0    2    0    0    0    1    2    1    1    0    0    2    1    0    3    0    2    0    0    1    0    2    1    1    1    2    0    0    2    0    0    1    0    3    1    1    2    0    3    0    0    0    5    0    2    2    1    0    3    1    1    3    2    1    0    1    2    0    1    2    0    4    0    0    3    3    2    4    1    2    2    3    4    2    3    4    4    3    3    1    8    1     37500     28104     17672
1  15         90559       64394    0    1    0    0    1    0    1    1    0    0    1    1    1    1    0    0    1    1    1    1    0    1    1    0    0    1    0    0    1    1    0    1    1    0    1    1    0    1    1    0    1    2    0    1    2    0    1    2    0    1    2    0    1    2    0    1    2    0    1    3    0    1    3    1    1    2    0    1    3    0    2    2    4    3    1    6    3    0    3    3    1    4    3    1    2    4    1   18    1    7      6829     63170     13415
1  16        117624      495188    1    0    1    1    1    0    1    1    0    0    2    1    1    1    0    2    0    0    1    1    0    0    2    1    2    0    0    2    0    0    2    0    0    0    2    1    2    0    0    2    1    0    0    2    2    0    2    2    1    0    4    1    2    0    1    1    2    1    2    0    1    1    2    1    2    0    2    1    0    2    2    0    0    5    5    2    3    4    3    2    3    1    4    4    6    0    3    3    2    7     39260     30740     14813
1  17        115460       60006    0    0    1    0    0    1    1    0    1    0    0    1    1    0    1    2    0    1    1    0    1    1    0    1    1    0    1    0    1    1    0    1    1    0    1    1    0    1    1    0    2    1    0    2    1    0    2    1    0    2    1    0    2    1    0    2    1    2    2    1    0    3    1    0    3    1    0    3    1    0    1    2    2    2    3    4    1    3    0    3    3    4    1    3    6    4    3   17    3    2      6666     13333     63334
1  18        124242       63484    0    0    1    0    0    1    0    0    1    0    1    1    1    0    1    0    0    1    0    1    1    0    0    1    0    1    1    1    1    1    1    0    1    1    0    1    1    0    1    2    0    1    2    0    1    2    0    1    2    0    1    2    0    1    2    0    1    3    0    1    3    0    1    2    1    1    3    0    1    2    0    2    2    2    3    1    4    3    2    2    3    1    4    3    0    4    4    6   21    1     13261      6522     63478
1  19         98090       63340    0    1    0    0    1    0    0    1    0    0    1    1    0    1    0    0    1    0    0    1    0    0    1    0    0    1    1    1    1    0    1    1    0    1    1    0    1    1    0    2    1    0    2    1    0    2    1    0    2    1    0    2    1    0    2    1    0    2    1    2    2    1    2    3    1    0    3    1    0    1    2    0    1    3    4    3    3    0    5    2    7    0    3    7    1    4    1    5    2   17     12166     65668      5167