
1  0         21120        5001    0    1    0    0    1    1    0    1    1    0    2    0    0    2    0    2    2    0    7    0    7    150000    250000      7143
1  1         21264        5001    1    0    0    1    0    1    1    0    1    2    0    0    2    0    0    0    5    7    2    4    0    250000    150000      7143
1  2         21160        5001    1    0    0    1    0    1    1    0    1    2    0    0    2    0    0    0    5    7    2    4    0    250000    150000      7143
1  3         21032        5001    0    1    0    1    1    0    1    1    0    0    2    0    0    2    0    7    0    5    0    2    4      7143    250000    150000
1  4         21084        5001    1    0    0    1    0    1    1    0    1    2    0    0    2    0    0    0    5    7    2    4    0    250000    150000      7143
1  5         21329        5001    1    0    0    1    0    1    1    0    1    2    0    0    2    0    0    0    5    7    2    4    0    250000    150000      7143
1  6         21477        5001    0    0    1    1    0    1    1    0    1    0    0    2    0    0    2    0    2    2    7    7    0      7143    150000    250000
1  7         21555        5001    1    0    0    1    1    0    1    1    0    2    0    0    2    0    0    0    7    5    2    0    4    250000      7143    150000
1  8         21186        5001    0    0    1    0    1    1    0    1    1    0    0    2    0    0    2    5    7    0    4    0    2    150000      7143    250000
1  9         21220        5001    0    1    0    1    1    0    1    1    0    0    2    0    0    2    0    7    0    5    0    2    4      7143    250000    150000
1  10         21133        5001    1    0    0    1    1    0    1    1    0    2    0    0    2    0    0    0    7    5    2    0    4    250000      7143    150000
1  11         21274        5001    1    0    0    1    0    1    1    0    1    2    0    0    2    0    0    0    5    7    2    4    0    250000    150000      7143
1  12         21008        5001    0    1    0    0    1    1    0    1    1    0    2    0    0    2    0    5    0    7    4    2    0    150000    250000      7143
1  13         21702        5001    1    0    0    1    0    1    1    0    1    2    0    0    2    0    0    0    5    7    2    4    0    250000    150000      7143
1  14         21509        5001    1    0    0    1    0    1    1    0    1    2    0    0    2    0    0    0    5    7    2    4    0    250000    150000      7143
1  15         21042        5001    0    1    1    0    2    1    0    2    1    0    2    2    0    2    2    2    0    2    7    0    0    157143      7143    242857
1  16         21098        5001    0    1    0    1    1    0    1    1    0    0    2    0    0    2    0    7    0    5    0    2    4      7143    250000    150000
1  17         21570        5001    1    0    0    1    0    1    1    0    1    2    0    0    2    0    0    0    5    7    2    4    0    250000    150000      7143
1  18         21302        5001    0    1    0    0    1    1    0    1    1    0    2    0    0    2    0    2    2    0    7    0    7    150000    250000      7143
1  19         21194        5001    1    0    0    1    0    1    1    0    1    2    0    0    2    0    0    0    5    7    2    4    0    250000    150000      7143