
1  0         90172      483334    0    1    0    0    1    0    0    1    1    0    1    2    0    1    1    0    1    1    0    1    1    0    1    1    0    1    2    1    1    1    1    1    1    1    1    0    1    1    2    2    1    0    1    1    1    1    1    1    2    1    0    1    1    1    1    1    2    2    1    1    2    1    1    0    2    1    2    1    1    1    2    1    6    2    1    6    2    2    2    3    3    1    3    5    3    3    5    5    3    3     16666     60000      6667
1  1         90154      676000    0    1    1    0    2    2    0    1    1    1    1    1    0    1    1    0    1    1    2    1    0    0    1    1    0    1    2    0    2    1    1    1    1    1    1    2    1    1    1    2    1    0    1    1    1    2    1    0    0    1    2    1    1    1    0    2    1    1    1    2    2    1    1    1    1    2    3    0    1    3    1    2    5    2    1    1    4    2    7    1    1    3    2    3    2    3    4    2    4    3     23858     40071     22929
1  2         90136      884000    0    4    0    1    0    1    1    2    0    0    0    2    0    5    0    0    1    1    2    0    1    1    2    0    3    0    0    1    0    2    2    3    0    0    0    2    1    0    1    0    3    1    2    0    1    0    0    2    3    0    0    0    2    1    3    1    0    0    0    2    0    2    3    3    3    0    1    0    2    6    0    0    5    2    1    0    1    5    2    6    1    5    0    2    0    4    4    0    1    7     27000     18000     45000
1  3         90172      578000    0    1    1    1    1    0    0    1    1    0    1    1    0    1    0    0    1    0    0    1    1    1    1    2    0    1    1    1    1    1    1    1    1    1    1    2    3    1    0    1    1    1    1    1    2    1    1    2    2    1    0    0    1    2    1    1    1    3    1    1    2    1    0    2    1    2    2    1    1    1    2    2    4    2    4    1    3    3    2    3    2    3    3    1    4    3    3    4    3    4     13500     63000      9000
1  4         90154      715002    2    1    0    0    1    1    2    1    0    0    2    1    0    1    1    1    1    1    0    0    2    1    0    1    0    0    2    1    2    1    2    2    0    2    2    1    1    1    1    3    2    0    1    2    1    2    3    1    1    1    1    2    0    1    1    1    1    1    0    2    1    1    1    0    0    2    1    2    1    1    1    2    5    4    1    0    2    4    3    4    2    3    3    2    4    2    3    1    0    5     25833     13334     50833
1  5         90172      607000    0    5    0    1    0    1    1    0    1    0    1    1    0    6    0    2    0    1    1    0    1    2    3    0    2    2    0    2    0    1    1    1    1    1    0    1    1    0    1    2    0    1    1    2    1    0    3    1    1    1    1    2    0    1    0    0    2    0    3    1    2    1    1    0    4    1    4    0    0    1    2    2    4    0    3    3    1    3    1    0    4    4    5    1    3    1    4    0    1    6     22526     13448     49656
1  6         90154      624000    0    2    1    0    1    1    1    0    1    0    1    1    0    1    1    0    0    1    1    1    1    1    1    1    1    2    1    1    1    1    1    1    1    1    1    1    1    0    1    1    1    1    2    2    1    1    1    1    1    1    1    1    1    1    1    1    1    1    2    1    2    1    1    2    2    1    1    2    1    2    2    2    1    3    3    2    1    3    4    2    2    2    2    3    4    3    3    6    3    3     16750      6750     63250
1  7         90172      600286    2    1    0    2    1    1    0    1    1    1    1    1    0    1    1    0    1    1    1    1    0    0    1    1    0    1    1    1    1    1    1    1    1    1    1    0    2    1    0    0    1    3    0    1    3    2    1    0    1    1    2    2    1    1    0    1    4    2    1    1    1    1    3    2    1    0    1    1    3    1    2    1    4    2    5    3    2    4    0    4    0    2    3    0    4    3    2    6    3    1     15286     59429     10571
1  8         90154      639000    1    1    0    1    1    0    1    1    0    1    0    1    1    1    1    1    0    1    1    2    0    1    2    0    0    1    2    1    1    1    2    2    0    1    1    1    1    1    1    1    3    0    1    0    2    0    1    3    2    0    1    1    1    2    1    1    1    1    1    2    2    0    1    1    0    2    1    0    2    1    5    0    2    3    3    3    1    4    3    2    3    4    3    0    3    2    4    2    5    4     43000     20000     23500
1  9         90172      526000    0    1    0    0    1    1    0    1    1    0    1    2    0    1    1    2    1    1    0    1    1    0    1    1    0    1    1    1    1    1    0    1    3    1    1    1    1    1    1    2    1    0    1    1    1    1    1    1    1    1    2    2    1    2    1    1    2    2    1    1    2    1    0    2    1    0    2    1    1    1    2    2    2    3    3    3    3    2    6    2    2    2    3    2    4    3    3    3    3    3     15500     62750      5750
1  10         90154      701224    0    1    1    1    3    0    0    1    1    1    0    3    0    1    1    1    0    1    2    2    0    0    0    2    1    2    0    0    2    1    0    0    2    2    0    1    2    0    1    1    1    1    3    3    0    3    1    0    0    2    1    2    3    0    0    0    2    2    1    1    1    0    2    3    0    1    3    2    0    0    2    2    6    5    0    0    2    4    2    2    3    2    2    3    2    2    4    2    2    4     19445     22666     46167
1  11         90154      676000    2    0    1    0    1    1    0    1    1    1    1    0    2    0    2    2    0    2    0    1    1    2    1    0    1    1    0    1    1    1    0    2    1    2    1    0    1    1    1    2    0    3    3    1    1    1    1    1    0    2    1    1    1    1    1    1    1    2    1    1    2    1    1    0    3    0    1    2    0    1    2    2    3    2    4    4    1    4    1    3    3    3    2    3    0    5    1    3    3    4     17000     46000     23250
1  12         90154      609556    1    2    1    1    0    1    0    1    1    0    1    1    0    1    1    1    1    1    0    1    1    4    1    0    0    1    1    1    1    1    2    0    1    1    1    1    0    1    1    1    1    1    0    2    1    1    1    1    1    1    1    1    1    1    1    1    1    2    1    1    2    1    1    2    1    1    0    1    3    1    2    2    5    2    2    0    3    3    0    4    3    1    3    3    4    3    3    9    2    2     15111     22222     49778
1  13         90136      575000    0    1    1    0    0    1    1    0    1    0    0    1    0    1    1    1    0    1    0    0    1    0    0    1    0    2    1    1    1    1    0    2    1    2    0    1    0    2    1    1    2    1    1    1    1    1    1    1    1    2    1    2    0    1    2    1    1    1    2    1    0    0    2    2    1    1    2    0    1    1    0    3    4    5    2    4    5    2    5    4    2    1    3    3    5    3    3    4    3    3     13500      9166     63000
1  14         90172      672000    1    0    1    1    1    1    1    2    0    1    0    1    1    2    0    0    2    1    1    1    1    1    0    1    3    0    0    2    0    1    1    1    1    2    0    1    1    0    2    1    2    0    1    0    2    1    2    0    2    0    1    0    1    2    2    1    0    3    0    0    1    1    2    0    0    4    3    0    0    2    0    3    1    3    4    0    4    5    1    6    2    2    1    5    3    5    1    3    7    0     35000     25000     28000
1  15         90190      671334    0    3    1    1    0    1    1    1    0    1    1    0    1    0    2    2    0    1    1    1    0    1    0    2    1    1    1    2    0    0    1    1    1    1    2    0    1    0    2    1    1    3    2    1    0    1    0    2    1    2    0    1    2    0    1    2    0    1    2    1    1    2    0    1    0    3    1    1    2    2    0    3    1    6    1    3    1    4    2    5    2    4    1    2    1    6    3    4    0    5     40000     25083     20501
1  16         90172      710000    1    1    1    1    0    1    1    0    1    1    1    1    1    0    1    0    1    1    1    1    1    2    1    1    1    1    1    1    1    1    1    1    1    1    1    1    1    1    1    1    2    1    1    1    1    1    1    1    1    1    1    3    1    1    1    1    1    2    1    1    1    1    1    1    2    1    1    2    1    2    2    2    3    3    2    3    3    2    2    2    3    2    2    3    2    3    4    2    4    3     20000     20000     50000
1  17         90172      710000    1    1    1    1    1    0    0    0    2    1    1    1    1    1    1    0    1    1    0    0    2    1    1    1    2    1    0    1    1    1    2    1    0    0    2    1    1    1    1    2    2    0    1    1    1    2    1    1    2    2    0    1    1    1    3    2    0    2    1    1    2    0    2    2    2    0    1    1    1    1    0    4    2    1    4    4    2    2    4    3    1    0    0    7    2    4    3    0    7    2     25000     30000     35000
1  18         90154      657004    2    0    1    0    0    2    2    0    1    1    1    1    0    2    0    0    0    2    0    2    0    1    2    0    0    0    3    0    2    1    1    1    1    1    1    1    3    1    0    2    1    1    2    0    2    1    0    2    1    1    1    1    0    2    3    1    1    2    1    1    0    3    0    1    2    0    2    1    1    3    2    1    5    1    3    2    3    3    1    3    3    4    1    3    0    3    5    1    7    0     17046     36477     34113
1  19         90190      484000    0    0    1    4    4    0    0    1    1    0    0    1    0    0    1    0    0    1    0    0    1    0    0    1    0    0    1    1    1    1    2    3    1    0    1    1    0    1    1    2    0    1    2    1    1    1    2    1    1    1    1    1    2    1    2    1    1    2    2    1    3    2    1    2    3    1    2    1    1    0    1    2    1    2    3    2    2    3    5    6    2    2    0    3    7    5    3    0    0    4      7000      6500     70000