
1  0         90503      105144    0    1    1    0    1    1    0    1    1    0    1    1    0    1    1    0    1    1    0    1    1    0    1    1    0    1    1    1    1    1    1    1    1    1    1    1    1    1    1    1    1    1    1    1    1    1    1    1    1    1    1    1    1    1    2    1    1    2    1    1    2    1    1    2    1    1    2    1    1    3    2    1    4    2    3    4    2    3    2    2    4    2    3    3    3    3    4    5    5    1     16286     33143     32857
1  1         90111       63616    1    0    0    1    0    0    1    0    1    1    1    0    1    1    0    1    1    0    1    1    0    1    0    0    1    0    0    1    0    1    1    0    1    1    0    1    1    0    1    1    0    2    1    0    2    1    0    2    1    0    2    1    0    2    1    0    2    1    1    2    1    0    3    1    0    3    1    0    3    2    0    2    3    4    1    3    4    1    3    4    1    3    2    2    4    1    2    1   22    5     63116      6803     13442
1  2         90403       72740    0    0    1    0    0    1    1    0    1    0    0    1    0    1    1    0    0    1    0    0    1    1    0    1    1    0    1    0    1    1    0    1    1    0    1    1    0    1    1    0    2    1    0    2    1    0    2    1    0    2    1    0    2    1    0    2    1    0    3    1    0    3    1    0    3    1    0    3    1    0    2    2    1    2    3    4    1    3    9    4    2    5    0    3    1    1    4   19    3    2      6026     11500     65500
1  3         91315       63258    0    0    1    0    0    1    0    0    1    0    0    1    0    1    1    0    1    1    0    1    1    0    1    1    1    0    1    1    0    1    1    0    1    1    0    1    1    0    1    2    0    1    2    0    1    2    0    1    2    0    1    2    0    1    2    0    1    2    1    1    3    0    1    3    0    1    3    0    1    2    0    2    1    4    3    1    4    3    2    2    3    5    6    2    0    3    4    3   18    2     13022      6279     63954
1  4         90149       37658    0    0    1    0    0    1    0    1    1    0    1    1    0    1    1    0    1    1    0    1    1    0    1    1    0    1    1    1    0    1    1    0    1    1    1    1    1    0    1    2    0    1    2    0    1    2    0    1    2    0    1    2    0    1    2    0    1    2    1    1    3    0    1    3    0    1    3    0    1    2    0    2    2    2    3    2    2    3    2    2    3    2    2    3    2    0    4    3   25    1     13529      7059     62941
1  5         90090       80008    0    1    0    0    1    0    0    1    0    1    1    0    0    1    1    1    1    0    0    1    1    1    1    0    1    1    0    0    1    1    0    1    1    0    1    1    0    1    1    2    1    1    0    1    2    0    1    2    0    1    2    0    1    2    1    1    2    1    1    2    0    1    3    0    1    3    0    1    3    0    2    2    2    3    2    5    2    4    4    3    1    2    3    2    2    4    1   19    2    2      6667     63333     13333
1  6         90129       46672    1    0    0    1    0    0    1    1    0    1    1    0    1    1    0    1    1    0    1    1    0    1    1    0    1    1    0    1    0    1    1    1    1    1    0    1    1    1    1    1    2    1    1    0    2    1    1    1    1    2    1    1    2    1    1    2    1    1    2    2    1    0    3    1    1    2    1    1    2    2    1    1    3    2    2    3    2    2    3    2    2    2    4    6    4    2    1    2    7    8     63333      6667     13333
1  7         90071       62000    0    0    1    0    0    1    0    1    1    1    0    1    1    0    1    0    1    1    0    1    1    0    1    1    0    1    1    1    0    1    1    0    1    1    0    1    1    1    1    1    2    1    2    0    1    2    0    1    2    0    1    2    0    1    2    0    1    3    0    1    3    0    1    3    0    1    3    0    1    2    0    2    1    4    3    1    4    3    0    5    3    1    3    3    4    5    3    4   13    2     13000      8000     62000
1  8         91424       54740    0    1    0    0    1    0    0    1    1    0    1    1    0    1    0    0    1    1    0    1    0    0    1    1    0    1    1    1    1    0    1    1    0    1    1    0    1    1    0    1    1    2    2    1    0    2    1    0    2    1    0    2    1    0    2    1    0    2    1    2    3    1    0    3    1    0    3    1    0    1    2    1    1    3    4    2    3    1    2    3    1    2    3    1    4    3    6    4    2   19     12000     66000      5263
1  9         91424       57936    0    1    0    0    1    0    0    1    1    0    1    1    0    1    1    0    1    1    0    1    1    0    1    1    0    1    1    1    1    1    1    1    1    1    1    1    1    1    1    1    1    2    1    1    1    1    1    2    1    1    2    1    1    1    1    1    2    3    1    0    2    1    1    2    1    1    2    1    1    1    2    1    3    3    1    2    3    2    3    3    0    2    3    2    1    4    2   11    1   10     13449     63104      6896
1  10         91493       54154    1    0    0    1    0    0    1    0    0    1    1    0    1    1    0    1    0    0    1    0    0    1    0    0    1    1    0    1    0    1    1    0    1    1    1    1    1    0    1    1    0    2    1    0    2    1    0    2    1    0    2    1    0    2    1    0    2    1    2    2    1    0    3    1    2    2    1    0    3    2    1    1    3    2    2    3    1    2    3    6    0    2    7    5    3    4    5    3   13    1     65998      5385     12001
1  11         90154       73500    0    0    1    0    0    1    0    0    1    0    0    1    0    0    1    0    0    1    0    0    1    0    0    1    0    0    1    1    0    1    2    0    1    1    0    1    1    1    1    2    1    1    1    2    1    1    2    1    2    1    1    2    1    1    2    1    1    2    2    1    1    3    1    2    2    1    3    1    1    2    0    2    4    0    3    4    0    3    4    0    3    2    2    3    2    7    3    1   16    2      8000      8750     66000
1  12         91088       50000    0    0    1    0    0    1    0    2    1    0    1    1    0    2    1    0    2    1    0    1    1    0    1    1    0    2    1    1    1    1    1    0    1    1    0    1    1    0    1    1    2    1    1    2    1    1    2    1    2    0    1    1    2    1    1    2    1    2    1    1    2    1    1    2    1    1    2    1    1    1    2    2    6    1    2    2    3    3    2    3    3    2    3    3    1    4    4    9    0    2     17500      5000     60000
1  13         90288       73690    0    1    0    0    1    0    0    1    0    0    1    0    1    1    0    1    1    0    1    1    0    0    1    0    1    1    0    1    1    1    1    1    1    1    1    1    1    1    1    0    1    2    1    1    1    1    1    1    2    1    1    2    1    1    0    1    2    2    1    2    2    1    2    2    1    2    2    1    2    1    2    1    2    3    2    2    3    2    2    3    2    2    3    2    4    3    4    7    2    9      5262     64738     12631