
1  0         21087       24104    0    1    0    0    1    0    0    1    0    0    2    0    2    1    1    4    1    3    3    2    5     86363    250000     68181
1  1         21087       28575    1    0    0    1    0    0    1    0    0    1    2    1    1    2    1    2    2    2    2    3    5    255000     90714     63571
1  2         21087       23000    1    0    0    1    0    0    1    0    0    1    0    3    1    0    3    2    4    0    2    5    3    260000     68000     80000
1  3         21087       16622    1    0    0    1    0    0    1    0    0    2    0    0    0    2    4    1    6    2    3    1    3    251612     59677     95161
1  4         21087       43000    1    0    0    1    0    0    1    0    0    1    2    1    1    2    1    2    1    3    2    4    4    260000     88000     64000
1  5         21087       15005    1    0    0    1    0    0    1    0    0    1    3    0    2    0    0    1    4    3    2    2    6    250000     83333     72222
1  6         21087       29290    1    0    0    0    0    2    1    0    0    1    0    2    1    0    2    2    2    2    3    7    1    250000     32142    125000
1  7         21087       31970    1    0    0    1    0    0    1    0    1    1    2    0    1    2    0    1    3    5    3    2    3    247826    126086     34782
1  8         21087       15005    1    0    0    1    0    0    1    0    0    2    0    0    2    0    0    1    3    4    1    6    5    250000     72222     83333
1  9         21087        5015    1    0    0    1    0    1    1    0    2    2    0    1    2    0    1    2    2    0    0    7    4    246666    153333      6666
1  10         21087        9299    1    0    1    1    0    1    1    0    2    0    3    2    2    0    2    2    2    1    2    4    0    235714    157142     14285
1  11         21087       23755    1    0    0    1    0    0    1    0    0    1    1    2    1    0    3    2    3    1    2    5    3    256249     68750     81250
1  12         21087       21250    1    0    0    1    0    0    1    0    0    2    0    0    1    2    1    2    3    0    1    4    8    250000    100000     56250
1  13         21087       23759    1    0    0    1    0    0    1    0    0    1    3    0    1    2    1    2    1    3    2    3    5    256250     81250     68749
1  14         21087       38342    1    0    0    0    2    1    0    1    2    1    1    2    1    1    2    2    4    0    4    0    2    231111     84444     87777
1  15         21087       15005    1    0    0    1    0    0    1    0    0    2    0    0    2    0    0    1    3    4    1    6    5    250000     72222     83333
1  16         21087       15005    1    0    0    1    0    0    1    0    0    2    0    0    1    0    3    2    3    1    1    6    5    250000     72222     83333
1  17         21087       28575    1    0    0    1    0    0    1    0    0    1    1    2    1    1    2    2    2    2    2    5    3    255000     63571     90714
1  18         21087       28424    1    0    0    1    0    0    1    0    0    1    1    2    1    3    1    2    4    1    2    1    5    255000     45263    108947
1  19         21087       26256    1    0    0    1    0    0    1    0    0    1    2    0    1    2    0    2    1    6    2    4    3    255000    122500     27916