
1  0        101175       60014    1    0    0    1    0    0    1    0    1    1    0    1    1    0    0    1    0    1    1    0    1    1    0    1    1    1    0    1    1    0    1    1    1    1    1    0    1    1    1    1    2    0    1    2    0    1    2    0    1    2    0    1    2    0    1    2    0    1    2    1    1    2    1    1    3    0    1    2    2    2    2    0    3    2    2    3    2    2    3    3    0    3    1    4    3    4    4    2    2   19     63333     13333      6667
1  1         91762       49626    0    1    0    0    1    0    0    1    1    0    1    0    0    1    1    0    1    1    0    1    0    0    1    1    0    1    1    1    1    0    1    1    0    1    1    0    1    1    0    2    1    0    2    1    0    2    1    0    2    1    0    2    1    0    2    1    0    3    1    0    3    1    0    3    1    0    3    1    0    2    2    0    2    3    2    2    3    2    2    3    2    2    3    2    0    4    4    4    1   25     13269     63462      6538
1  2         90114       71366    1    0    0    1    0    0    1    0    1    1    1    0    1    1    0    1    0    1    1    0    1    1    0    0    1    0    1    1    1    0    1    1    0    1    1    0    1    1    0    1    2    0    1    2    0    1    2    0    1    2    0    1    2    0    1    2    0    1    3    0    1    3    0    1    3    0    1    2    0    2    1    1    3    0    6    3    2    3    3    1    4    3    3    0    4    0    4    1    6   20     63182     13409      6818
1  3         93637       66672    1    0    0    1    0    0    1    1    0    1    0    1    1    1    0    1    1    0    1    0    0    1    0    1    1    1    0    1    0    1    1    0    1    1    0    1    1    0    1    1    0    2    1    0    2    1    0    2    1    0    2    1    0    2    1    0    2    1    0    3    1    0    3    1    0    3    1    0    2    2    1    1    3    2    2    3    4    1    2    8    4    3    2    2    4    4    0    2   17    3     63334      6666     13333
1  4         92821       55120    0    1    0    0    1    0    0    1    1    0    1    1    0    1    1    0    1    1    0    1    1    0    1    1    0    1    0    1    1    0    1    1    0    1    1    0    1    1    0    2    1    0    2    1    0    2    1    0    2    1    0    2    1    0    2    1    0    3    1    0    3    1    0    2    1    0    3    1    0    1    2    1    2    3    2    0    3    6    1    3    4    2    3    1    5    3    4    4    2   18     12444     65112      5556
1  5         98125       60230    1    0    0    1    0    0    1    0    0    1    1    0    1    0    1    1    1    0    1    1    0    1    0    1    1    1    0    1    0    1    1    0    1    1    0    1    1    0    1    1    0    2    1    0    2    1    0    2    1    0    2    1    0    2    1    0    2    1    0    3    1    0    3    1    0    3    1    0    3    2    1    1    3    0    3    3    6    0    3    2    2    3    2    2    3    9    2    2   18    2     63000      7055     13500
1  6         95966       55794    0    0    1    0    0    1    0    1    1    0    1    1    0    1    1    0    1    1    0    0    1    0    0    1    0    1    1    1    0    1    1    0    1    1    0    1    1    0    1    2    0    1    2    0    1    2    0    1    2    0    1    2    0    1    2    0    1    3    0    1    3    0    1    2    1    1    3    0    1    1    1    2    1    4    3    1    4    3    2    1    3    1    4    3    5    3    3    4   19    2     12211      5263     65579
1  7        101502       60010    0    0    1    0    0    1    0    0    1    0    0    1    1    0    1    1    0    1    1    0    1    1    0    1    0    0    1    1    1    1    1    1    1    0    1    1    0    1    1    0    2    1    0    2    1    0    2    1    0    2    1    0    2    1    0    2    1    1    2    1    0    3    1    0    3    1    0    3    1    0    2    2    8    4    2    6    0    3    2    2    3    0    3    3    0    2    4   19    2    2      6666     13333     63334
1  8         93653       63172    1    0    0    1    0    0    1    0    1    1    0    1    1    0    1    1    0    0    1    1    0    1    0    0    1    0    1    1    1    0    1    1    0    1    1    0    1    1    0    1    2    0    1    2    0    1    2    0    1    2    0    1    2    0    1    2    0    1    3    0    1    3    0    1    3    0    1    3    0    2    1    1    3    2    1    3    0    6    3    3    0    3    0    6    3    4    6    2    3   18     64099     12896      6284
1  9         95654       67770    1    0    0    1    0    0    1    1    0    1    1    0    1    1    0    1    0    0    1    1    0    1    0    0    1    1    0    1    0    1    1    0    1    1    0    1    1    0    1    1    0    2    1    0    2    1    0    2    1    0    2    1    0    2    1    0    2    1    0    3    1    0    3    1    0    3    1    1    2    2    0    2    3    2    1    3    1    2    3    4    1    2    9    4    4    3    0    2   17    5     66000      5177     12000
1  10         98448       49686    0    1    0    0    1    0    1    1    0    1    1    0    0    1    1    1    1    0    1    1    0    1    1    0    1    1    0    0    1    1    1    1    1    1    1    1    0    1    1    0    1    2    0    1    2    0    1    2    0    1    2    0    1    2    0    1    2    1    1    2    0    1    3    1    1    2    0    1    3    0    2    2    2    3    2    2    3    2    2    3    2    2    3    2    8    3    2   16    2    3      7097     62903     13548
1  11        102007       50278    0    1    0    0    1    0    1    1    0    0    1    1    1    1    0    1    1    0    0    1    1    1    1    0    1    1    0    0    1    1    0    1    1    0    1    1    0    1    1    0    1    2    0    1    2    0    1    2    0    1    2    0    1    2    0    1    2    1    1    2    1    1    2    0    1    3    0    1    3    0    2    2    2    3    2    2    3    2    2    3    2    7    2    4    2    4    1   20    2    1      7027     62973     13514
1  12         94542       71116    1    0    0    1    0    0    1    0    1    1    0    0    1    0    1    1    0    1    1    0    1    1    0    1    1    0    1    1    1    0    1    1    1    1    1    1    1    1    0    1    2    0    1    2    0    1    2    0    1    2    0    1    2    0    1    2    0    1    2    0    1    2    0    1    2    2    1    2    2    2    1    0    2    4    8    3    3    0    3    3    1    3    3    0    4    2    0    2    2   21     63334     13333      6032
1  13         92416       76268    0    0    1    0    0    1    0    1    1    0    1    1    1    0    1    0    1    1    1    0    1    1    0    1    1    0    1    1    1    1    0    1    1    0    1    1    1    1    1    0    2    1    0    2    1    0    2    1    0    2    1    0    2    1    0    2    1    0    3    1    1    2    1    1    2    1    1    2    1    0    2    2    5    4    2    4    1    3    0    4    3    1    3    3    0    0    5   23    0    1      9626     15701     58598
1  14         96429       65880    1    0    0    1    0    0    1    0    1    1    1    0    1    0    0    1    0    0    1    1    0    1    0    1    1    0    1    1    1    0    1    1    1    1    1    0    1    1    1    1    2    0    1    2    0    1    2    0    1    2    0    1    2    0    1    2    0    1    2    1    1    3    0    1    2    1    1    2    2    2    2    0    3    2    2    3    2    2    3    3    0    3    1    4    3    2    9    2    3   16     63000     13500      7094
1  15         94117       68242    1    0    0    1    0    0    1    0    1    1    0    1    1    0    1    1    0    1    1    0    0    1    0    0    1    0    0    1    1    0    1    1    0    1    1    1    1    1    0    1    2    0    1    2    0    1    2    0    1    2    0    1    2    0    1    2    0    1    3    0    1    3    0    1    2    1    1    2    1    2    2    0    3    2    2    3    2    2    2    5    5    3    0    7    4    1    2    2    4   17     64118     12941      5882
1  16         94218       46682    0    1    0    0    1    0    0    1    1    0    1    1    0    1    1    0    1    1    0    1    1    0    1    1    0    1    1    1    1    0    1    1    0    1    1    0    1    1    0    2    1    0    2    1    0    2    1    0    2    1    0    2    1    0    2    1    0    2    1    2    1    1    3    2    1    1    2    1    1    2    2    0    3    3    0    3    3    0    3    3    0    3    3    1    4    3    6    1    2   21     13334     63332      6667
1  17         93229       59420    0    0    1    0    0    1    0    1    1    0    1    1    0    1    1    0    1    1    1    0    1    0    1    1    0    1    1    1    1    1    1    1    1    1    0    1    1    0    1    2    0    1    2    0    1    2    0    1    2    0    1    2    0    1    2    0    1    1    3    1    2    1    1    2    2    1    2    1    1    2    0    2    3    1    3    3    1    3    3    1    3    3    1    3    3    6    3    1   17    2     15000      8529     60000
1  18         94549       52950    0    0    1    0    0    1    0    1    1    0    1    1    0    1    1    0    1    1    0    1    1    0    1    1    0    1    1    1    0    1    1    0    1    1    1    1    1    0    1    2    0    1    2    0    1    2    0    1    2    0    1    2    0    1    2    0    1    3    0    1    2    2    1    2    2    1    2    1    1    2    0    2    3    0    3    3    9    2    2    1    3    3    1    3    2    0    4    2   18    2     13529      7059     62941
1  19         93700       57342    0    1    0    0    1    0    1    1    0    0    1    0    0    1    0    0    1    0    1    1    0    1    1    0    1    1    0    0    1    1    0    1    1    0    1    1    0    1    1    0    1    2    0    1    2    0    1    2    0    1    2    0    1    2    0    1    2    0    1    3    2    1    2    1    1    2    2    1    2    1    2    1    0    3    3    7    2    5    0    3    3    1    3    2    3    4    0   21    2    3      5333     66000     12000