    1    0    0    1    0    0    1    0    1    1    0    1    1    0    0    1    0    1    1    0    1    1    0    1    1    1    0    1    1    0    1    1    1    1    1    0    1    1    1    1    2    0    1    2    0    1    2    0    1    2    0    1    2    0    1    2    0    1    2    1    1    2    1    1    3    0    1    2    2    2    2    0    3    2    2    3    2    2    3    3    0    3    1    4    3    4    4    2    2   19
    0    1    0    0    1    0    0    1    1    0    1    0    0    1    1    0    1    1    0    1    0    0    1    1    0    1    1    1    1    0    1    1    0    1    1    0    1    1    0    2    1    0    2    1    0    2    1    0    2    1    0    2    1    0    2    1    0    3    1    0    3    1    0    3    1    0    3    1    0    2    2    0    2    3    2    2    3    2    2    3    2    2    3    2    0    4    4    4    1   25
    1    0    0    1    0    0    1    0    1    1    1    0    1    1    0    1    0    1    1    0    1    1    0    0    1    0    1    1    1    0    1    1    0    1    1    0    1    1    0    1    2    0    1    2    0    1    2    0    1    2    0    1    2    0    1    2    0    1    3    0    1    3    0    1    3    0    1    2    0    2    1    1    3    0    6    3    2    3    3    1    4    3    3    0    4    0    4    1    6   20
    1    0    0    1    0    0    1    1    0    1    0    1    1    1    0    1    1    0    1    0    0    1    0    1    1    1    0    1    0    1    1    0    1    1    0    1    1    0    1    1    0    2    1    0    2    1    0    2    1    0    2    1    0    2    1    0    2    1    0    3    1    0    3    1    0    3    1    0    2    2    1    1    3    2    2    3    4    1    2    8    4    3    2    2    4    4    0    2   17    3
    0    1    0    0    1    0    0    1    1    0    1    1    0    1    1    0    1    1    0    1    1    0    1    1    0    1    0    1    1    0    1    1    0    1    1    0    1    1    0    2    1    0    2    1    0    2    1    0    2    1    0    2    1    0    2    1    0    3    1    0    3    1    0    2    1    0    3    1    0    1    2    1    2    3    2    0    3    6    1    3    4    2    3    1    5    3    4    4    2   18
    1    0    0    1    0    0    1    0    0    1    1    0    1    0    1    1    1    0    1    1    0    1    0    1    1    1    0    1    0    1    1    0    1    1    0    1    1    0    1    1    0    2    1    0    2    1    0    2    1    0    2    1    0    2    1    0    2    1    0    3    1    0    3    1    0    3    1    0    3    2    1    1    3    0    3    3    6    0    3    2    2    3    2    2    3    9    2    2   18    2
    0    0    1    0    0    1    0    1    1    0    1    1    0    1    1    0    1    1    0    0    1    0    0    1    0    1    1    1    0    1    1    0    1    1    0    1    1    0    1    2    0    1    2    0    1    2    0    1    2    0    1    2    0    1    2    0    1    3    0    1    3    0    1    2    1    1    3    0    1    1    1    2    1    4    3    1    4    3    2    1    3    1    4    3    5    3    3    4   19    2
    0    0    1    0    0    1    0    0    1    0    0    1    1    0    1    1    0    1    1    0    1    1    0    1    0    0    1    1    1    1    1    1    1    0    1    1    0    1    1    0    2    1    0    2    1    0    2    1    0    2    1    0    2    1    0    2    1    1    2    1    0    3    1    0    3    1    0    3    1    0    2    2    8    4    2    6    0    3    2    2    3    0    3    3    0    2    4   19    2    2
    1    0    0    1    0    0    1    0    1    1    0    1    1    0    1    1    0    0    1    1    0    1    0    0    1    0    1    1    1    0    1    1    0    1    1    0    1    1    0    1    2    0    1    2    0    1    2    0    1    2    0    1    2    0    1    2    0    1    3    0    1    3    0    1    3    0    1    3    0    2    1    1    3    2    1    3    0    6    3    3    0    3    0    6    3    4    6    2    3   18
    1    0    0    1    0    0    1    1    0    1    1    0    1    1    0    1    0    0    1    1    0    1    0    0    1    1    0    1    0    1    1    0    1    1    0    1    1    0    1    1    0    2    1    0    2    1    0    2    1    0    2    1    0    2    1    0    2    1    0    3    1    0    3    1    0    3    1    1    2    2    0    2    3    2    1    3    1    2    3    4    1    2    9    4    4    3    0    2   17    5
    0    1    0    0    1    0    1    1    0    1    1    0    0    1    1    1    1    0    1    1    0    1    1    0    1    1    0    0    1    1    1    1    1    1    1    1    0    1    1    0    1    2    0    1    2    0    1    2    0    1    2    0    1    2    0    1    2    1    1    2    0    1    3    1    1    2    0    1    3    0    2    2    2    3    2    2    3    2    2    3    2    2    3    2    8    3    2   16    2    3
    0    1    0    0    1    0    1    1    0    0    1    1    1    1    0    1    1    0    0    1    1    1    1    0    1    1    0    0    1    1    0    1    1    0    1    1    0    1    1    0    1    2    0    1    2    0    1    2    0    1    2    0    1    2    0    1    2    1    1    2    1    1    2    0    1    3    0    1    3    0    2    2    2    3    2    2    3    2    2    3    2    7    2    4    2    4    1   20    2    1
    1    0    0    1    0    0    1    0    1    1    0    0    1    0    1    1    0    1    1    0    1    1    0    1    1    0    1    1    1    0    1    1    1    1    1    1    1    1    0    1    2    0    1    2    0    1    2    0    1    2    0    1    2    0    1    2    0    1    2    0    1    2    0    1    2    2    1    2    2    2    1    0    2    4    8    3    3    0    3    3    1    3    3    0    4    2    0    2    2   21
    0    0    1    0    0    1    0    1    1    0    1    1    1    0    1    0    1    1    1    0    1    1    0    1    1    0    1    1    1    1    0    1    1    0    1    1    1    1    1    0    2    1    0    2    1    0    2    1    0    2    1    0    2    1    0    2    1    0    3    1    1    2    1    1    2    1    1    2    1    0    2    2    5    4    2    4    1    3    0    4    3    1    3    3    0    0    5   23    0    1
    1    0    0    1    0    0    1    0    1    1    1    0    1    0    0    1    0    0    1    1    0    1    0    1    1    0    1    1    1    0    1    1    1    1    1    0    1    1    1    1    2    0    1    2    0    1    2    0    1    2    0    1    2    0    1    2    0    1    2    1    1    3    0    1    2    1    1    2    2    2    2    0    3    2    2    3    2    2    3    3    0    3    1    4    3    2    9    2    3   16
    1    0    0    1    0    0    1    0    1    1    0    1    1    0    1    1    0    1    1    0    0    1    0    0    1    0    0    1    1    0    1    1    0    1    1    1    1    1    0    1    2    0    1    2    0    1    2    0    1    2    0    1    2    0    1    2    0    1    3    0    1    3    0    1    2    1    1    2    1    2    2    0    3    2    2    3    2    2    2    5    5    3    0    7    4    1    2    2    4   17
    0    1    0    0    1    0    0    1    1    0    1    1    0    1    1    0    1    1    0    1    1    0    1    1    0    1    1    1    1    0    1    1    0    1    1    0    1    1    0    2    1    0    2    1    0    2    1    0    2    1    0    2    1    0    2    1    0    2    1    2    1    1    3    2    1    1    2    1    1    2    2    0    3    3    0    3    3    0    3    3    0    3    3    1    4    3    6    1    2   21
    0    0    1    0    0    1    0    1    1    0    1    1    0    1    1    0    1    1    1    0    1    0    1    1    0    1    1    1    1    1    1    1    1    1    0    1    1    0    1    2    0    1    2    0    1    2    0    1    2    0    1    2    0    1    2    0    1    1    3    1    2    1    1    2    2    1    2    1    1    2    0    2    3    1    3    3    1    3    3    1    3    3    1    3    3    6    3    1   17    2
    0    0    1    0    0    1    0    1    1    0    1    1    0    1    1    0    1    1    0    1    1    0    1    1    0    1    1    1    0    1    1    0    1    1    1    1    1    0    1    2    0    1    2    0    1    2    0    1    2    0    1    2    0    1    2    0    1    3    0    1    2    2    1    2    2    1    2    1    1    2    0    2    3    0    3    3    9    2    2    1    3    3    1    3    2    0    4    2   18    2
    0    1    0    0    1    0    1    1    0    0    1    0    0    1    0    0    1    0    1    1    0    1    1    0    1    1    0    0    1    1    0    1    1    0    1    1    0    1    1    0    1    2    0    1    2    0    1    2    0    1    2    0    1    2    0    1    2    0    1    3    2    1    2    1    1    2    2    1    2    1    2    1    0    3    3    7    2    5    0    3    3    1    3    2    3    4    0   21    2    3
