
1  0         21124       24607    1    0    0    0    2    0    0    2    0    1    2    0    1    0    7    3    0    2    3    3    0    242105    127500     36842
1  1         21124       27500    1    0    0    0    1    4    1    0    0    2    0    0    0    4    0    3    0    2    2    4    3    250000    125000     32500
1  2         21178       11000    1    0    0    1    0    0    0    3    0    0    5    1    2    0    0    2    1    3    3    0    5    250000     86000     70000
1  3         21160        6879    0    1    0    0    1    0    8    0    1    0    2    0    0    2    0    1    2    2    0    1    6     14792    250000    141667
1  4         21124       33750    0    1    5    0    2    0    0    2    0    0    4    0    2    0    0    3    0    1    4    0    3    256250    125000     25000
1  5         21124       10628    1    0    0    1    0    0    1    0    1    2    0    0    2    0    0    1    3    8    1    6    0    250000    141667     15625
1  6         21196       10457    1    0    0    1    0    0    0    2    1    2    0    0    2    0    0    1    5    1    2    2    7    250000     98485     57576
1  7         21142       18128    1    0    0    1    0    0    1    0    0    2    0    0    0    4    0    0    5    6    4    0    3    253125    125000     29167
1  8         21142       23250    1    0    0    0    2    0    0    2    0    1    1    4    1    2    0    3    0    2    3    2    3    245500    127500     31750
1  9         21124       13000    0    1    2    0    2    0    0    2    0    0    3    2    2    0    1    2    1    4    5    0    0    220000    128000     58000
1  10         21124       15004    1    0    0    1    0    0    1    0    0    2    0    0    2    0    0    1    4    0    1    5    9    250000    137501     18055
1  11         21124       15001    0    2    0    1    0    0    1    0    0    1    2    0    1    2    0    2    1    6    3    2    3    259999    120001     26667
1  12         21142       26430    2    0    0    0    1    0    0    1    0    1    1    5    2    1    0    0    3    1    4    2    3    125001    258929     23214
1  13         21124       40001    1    0    0    0    3    0    0    2    1    2    0    0    2    0    0    3    0    1    1    4    7    250000     85000     72857
1  14         21124       15004    1    0    0    1    0    0    1    0    0    1    3    0    2    0    0    2    1    3    1    5    6    250001     83333     72222
1  15         21142       22504    0    0    3    1    0    0    1    0    0    1    4    0    1    4    0    3    0    0    2    1    6    266667     58333     84722
1  16         21016       12500    1    0    0    1    0    0    0    2    1    2    0    0    2    0    0    1    5    0    2    2    8    250000    110000     47500
1  17         21178       31670    1    2    0    1    1    0    0    5    1    0    0    3    0    0    3    2    1    2    5    0    0    220000     18667    166667
1  18         21124       19289    1    0    0    0    1    4    1    0    0    2    0    0    2    0    0    2    1    5    1    7    0    250000    121429     35714
1  19         21124       18750    1    0    0    0    2    1    1    0    0    1    2    1    2    0    0    2    3    0    2    2    7    250000     98750     57500