
1  0         90100       91276    1    0    0    1    0    0    1    0    1    1    0    1    1    0    1    1    0    1    1    0    1    1    0    1    1    0    1    1    2    0    1    1    0    1    1    1    1    1    0    1    1    1    1    2    1    1    2    1    1    2    1    1    2    1    1    2    1    1    2    1    1    2    1    1    2    1    1    2    1    2    2    1    3    3    1    3    3    1    3    3    1    3    3    1    4    2    1    1    2   18     59273     13818     10727
1  1         90028       71398    0    0    1    0    0    1    1    0    1    1    0    1    1    0    1    1    0    1    1    0    1    1    0    1    1    0    1    1    1    1    1    1    1    0    1    1    1    1    1    1    2    1    1    2    1    1    2    1    0    2    1    0    2    1    0    2    1    1    2    1    1    2    1    1    2    1    1    2    1    0    2    2    1    3    3    0    3    3    1    3    3    1    3    3    1    2    4   21    2    1      9070     14532     60467
1  2         90046       80988    0    1    0    0    1    0    0    1    1    0    1    1    0    1    1    0    1    1    0    1    1    0    1    1    0    1    1    1    1    0    1    1    1    1    1    0    1    1    1    1    1    1    2    1    0    2    1    0    2    1    1    2    1    1    2    1    1    2    1    1    2    1    0    2    1    1    3    1    0    2    2    0    3    3    0    3    3    0    3    3    1    3    3    0    2    4    0    2    1   26     13950     62716      7284
1  3         90082       71040    1    0    0    1    0    0    1    1    0    1    1    0    1    1    0    1    1    0    1    1    0    1    1    0    1    1    0    1    1    1    1    0    1    1    1    1    1    1    1    1    1    2    1    1    2    1    0    2    1    0    2    1    1    2    1    1    2    1    1    2    1    1    2    1    1    2    1    1    2    2    0    2    3    1    3    3    1    3    3    1    3    3    1    3    4    1    2    1   19    2     59828     10172     13448
1  4         90028      122452    1    0    1    1    0    1    1    0    1    1    1    0    1    0    1    1    0    1    1    0    1    1    0    1    1    1    0    1    1    0    1    1    0    1    1    0    1    1    1    1    2    0    1    1    1    1    2    0    1    2    0    1    1    1    1    2    0    1    2    1    1    2    1    1    2    1    1    3    0    2    2    0    3    2    3    3    3    1    3    3    1    3    3    3    4    2    3    1    2   18     55444     17278     10555
1  5         90136       90724    0    0    1    0    0    1    1    0    1    1    0    1    1    0    1    1    0    1    1    0    1    1    0    1    1    0    1    0    1    1    1    1    1    0    1    1    0    1    1    0    2    1    1    2    1    0    2    1    0    2    1    1    2    1    1    2    1    1    2    1    0    2    1    0    2    1    0    2    1    0    2    2    0    3    3    0    3    3    1    3    3    1    3    3    0    2    4   28    2    1      6786     13393     63214
1  6         90100      120000    1    1    0    1    1    0    1    1    0    1    1    0    1    1    0    1    1    0    1    1    0    1    1    0    1    1    0    1    1    1    1    1    1    0    1    1    1    1    1    1    1    1    0    1    2    0    1    2    0    1    2    0    1    2    0    1    2    1    1    2    1    1    2    0    1    2    0    1    3    1    2    2    1    3    3    1    3    3    1    3    3    3    3    3    1    4    2   19    1    2     10000     56000     17000
1  7         90100       64064    0    0    1    0    0    1    0    1    1    1    0    1    1    0    1    1    0    1    1    0    1    1    0    1    1    0    1    0    1    1    1    1    1    0    1    1    0    1    1    1    1    1    1    1    1    0    2    1    0    2    1    1    2    1    0    2    1    1    2    1    2    2    1    0    3    1    0    3    1    1    1    2    0    3    3    0    3    3    0    3    3    0    3    3    0    2    4   28    2    1      6786     13334     63332
1  8         90136       80000    1    0    0    1    0    0    1    1    0    1    1    0    1    1    0    1    1    0    1    1    0    1    1    0    1    1    0    1    1    1    1    1    1    1    0    1    1    1    1    1    1    1    1    1    2    1    1    2    1    0    2    1    0    2    1    1    2    1    1    2    1    1    2    1    1    2    1    1    2    2    0    2    3    1    3    3    1    3    3    0    3    3    0    3    4    0    2    1   22    3     62000      8000     14000
1  9         90046       76072    1    0    0    1    0    0    1    1    0    1    1    0    1    1    0    1    1    0    1    1    0    1    1    0    1    1    0    1    1    1    1    1    1    1    1    1    1    1    1    1    1    1    1    0    2    1    1    1    1    1    1    1    1    2    1    1    1    1    1    2    1    1    2    1    1    2    1    0    3    2    1    2    3    0    4    3    0    4    3    1    3    3    1    3    4    0    3    1   20    2     60327      9672     13116
1  10         90118       77592    0    1    0    0    1    0    1    1    0    1    1    0    1    1    0    1    1    0    1    1    0    1    1    0    1    1    0    0    1    1    1    1    1    0    1    2    1    1    1    1    1    1    1    1    2    0    1    2    0    1    2    1    1    2    0    1    2    2    1    2    1    1    2    1    1    2    1    1    2    1    2    2    1    3    3    1    3    3    1    3    3    1    3    3    1    4    2   19    1    2     10172     59828     13448
1  11         90100       70010    0    1    0    0    1    0    1    1    0    1    1    0    1    1    0    1    1    0    1    1    0    1    1    0    1    1    0    1    1    1    1    1    1    0    1    1    1    1    1    1    1    1    1    1    1    0    1    2    1    1    2    1    1    2    1    1    2    1    1    2    1    1    2    1    1    2    1    1    2    0    2    2    0    3    3    0    3    3    0    3    3    0    3    3    0    4    2   23    1    4      7051     62949     13718
1  12         90118       79640    0    0    1    0    0    1    1    0    1    1    0    1    1    0    1    1    0    1    1    0    1    1    0    1    1    0    1    0    1    1    1    1    1    1    1    1    1    1    1    1    1    1    1    2    1    1    2    1    1    2    1    1    2    1    0    2    1    1    2    1    1    2    1    1    2    1    1    2    1    1    2    2    1    3    3    1    3    3    1    3    3    1    3    3    1    2    4   17    3    1     10556     13704     59444
1  13         90028       99668    0    0    1    0    0    1    1    0    1    0    1    1    0    1    1    0    1    1    0    1    1    1    0    1    0    1    1    1    0    1    1    1    1    1    1    1    1    1    1    1    1    1    1    1    1    1    1    1    1    1    1    2    0    1    1    1    1    2    1    1    3    0    1    3    0    1    2    1    1    2    0    2    4    1    3    2    2    3    3    1    3    3    1    3    2    2    4    3   20    1     13166      9000     60502
1  14         90028       76158    0    0    1    0    0    1    1    0    1    1    0    1    1    0    1    1    0    1    1    0    1    1    0    1    1    0    1    1    1    1    1    1    1    0    1    1    1    1    1    1    1    1    1    1    1    1    1    1    0    2    1    2    1    1    0    2    1    1    2    1    0    3    1    0    3    1    0    3    1    0    2    2    0    3    3    1    3    3    0    3    3    0    4    3    0    2    4   25    2    1      7693     12684     62307
1  15         90118       65644    0    0    1    0    0    1    1    0    1    1    0    1    1    0    1    1    0    1    1    0    1    1    0    1    1    0    1    1    1    1    1    1    1    1    1    1    1    1    1    2    1    1    0    2    1    0    2    1    1    2    1    1    2    1    0    2    1    1    2    1    1    2    1    0    2    1    0    3    1    0    2    2    0    3    3    0    3    3    0    3    3    0    3    3    0    2    4   25    2    1      7564     14230     62436
1  16         90028      100872    0    0    1    0    0    1    0    1    1    1    0    1    1    0    1    0    1    1    1    0    1    0    1    1    0    1    1    1    1    1    1    1    1    1    0    1    1    1    1    1    1    1    1    1    1    1    1    1    1    1    1    1    1    1    1    1    1    2    1    1    3    0    1    2    1    1    3    0    1    2    0    2    3    1    3    3    1    3    3    1    3    3    1    3    2    0    4    3   23    1     12609      7826     62173
1  17         90064       70008    1    0    0    1    0    0    1    1    0    1    1    0    1    1    0    1    1    0    1    1    0    1    1    0    1    1    0    1    0    1    1    1    1    1    0    1    1    0    1    1    0    2    1    1    1    1    1    2    1    0    2    1    1    2    1    0    2    1    1    2    1    1    2    1    1    2    1    0    3    2    0    2    3    0    3    3    1    3    3    0    3    3    0    3    4    1    2    1   26    2     62692      7308     13654
1  18         90046       70584    1    0    0    1    0    0    1    1    0    1    1    0    1    1    0    1    1    0    1    1    0    1    1    0    1    1    0    1    0    1    1    1    1    1    0    1    1    0    1    1    0    2    1    1    2    1    1    2    1    0    2    1    0    2    1    0    2    1    1    2    1    1    2    1    0    2    1    0    2    2    0    2    3    0    3    3    0    3    3    0    3    3    0    3    4    1    2    1   29    2     63334      6552     13333
1  19         90082       72006    1    0    0    1    0    0    1    1    0    1    1    0    1    1    0    1    1    0    1    1    0    1    1    0    1    1    0    1    1    1    1    1    1    1    1    1    1    1    1    1    1    1    1    1    1    1    0    2    1    1    1    1    1    1    1    1    1    1    0    3    1    0    3    1    0    3    1    1    2    2    0    2    3    0    4    3    0    4    3    1    3    3    1    3    4    1    2    1   22    2     61231      8769     12923