    1    0    0    1    0    0    1    0    1    1    0    1    1    0    1    1    0    1    1    0    1    1    0    1    1    0    1    1    2    0    1    1    0    1    1    1    1    1    0    1    1    1    1    2    1    1    2    1    1    2    1    1    2    1    1    2    1    1    2    1    1    2    1    1    2    1    1    2    1    2    2    1    3    3    1    3    3    1    3    3    1    3    3    1    4    2    1    1    2   18
    0    0    1    0    0    1    1    0    1    1    0    1    1    0    1    1    0    1    1    0    1    1    0    1    1    0    1    1    1    1    1    1    1    0    1    1    1    1    1    1    2    1    1    2    1    1    2    1    0    2    1    0    2    1    0    2    1    1    2    1    1    2    1    1    2    1    1    2    1    0    2    2    1    3    3    0    3    3    1    3    3    1    3    3    1    2    4   21    2    1
    0    1    0    0    1    0    0    1    1    0    1    1    0    1    1    0    1    1    0    1    1    0    1    1    0    1    1    1    1    0    1    1    1    1    1    0    1    1    1    1    1    1    2    1    0    2    1    0    2    1    1    2    1    1    2    1    1    2    1    1    2    1    0    2    1    1    3    1    0    2    2    0    3    3    0    3    3    0    3    3    1    3    3    0    2    4    0    2    1   26
    1    0    0    1    0    0    1    1    0    1    1    0    1    1    0    1    1    0    1    1    0    1    1    0    1    1    0    1    1    1    1    0    1    1    1    1    1    1    1    1    1    2    1    1    2    1    0    2    1    0    2    1    1    2    1    1    2    1    1    2    1    1    2    1    1    2    1    1    2    2    0    2    3    1    3    3    1    3    3    1    3    3    1    3    4    1    2    1   19    2
    1    0    1    1    0    1    1    0    1    1    1    0    1    0    1    1    0    1    1    0    1    1    0    1    1    1    0    1    1    0    1    1    0    1    1    0    1    1    1    1    2    0    1    1    1    1    2    0    1    2    0    1    1    1    1    2    0    1    2    1    1    2    1    1    2    1    1    3    0    2    2    0    3    2    3    3    3    1    3    3    1    3    3    3    4    2    3    1    2   18
    0    0    1    0    0    1    1    0    1    1    0    1    1    0    1    1    0    1    1    0    1    1    0    1    1    0    1    0    1    1    1    1    1    0    1    1    0    1    1    0    2    1    1    2    1    0    2    1    0    2    1    1    2    1    1    2    1    1    2    1    0    2    1    0    2    1    0    2    1    0    2    2    0    3    3    0    3    3    1    3    3    1    3    3    0    2    4   28    2    1
    1    1    0    1    1    0    1    1    0    1    1    0    1    1    0    1    1    0    1    1    0    1    1    0    1    1    0    1    1    1    1    1    1    0    1    1    1    1    1    1    1    1    0    1    2    0    1    2    0    1    2    0    1    2    0    1    2    1    1    2    1    1    2    0    1    2    0    1    3    1    2    2    1    3    3    1    3    3    1    3    3    3    3    3    1    4    2   19    1    2
    0    0    1    0    0    1    0    1    1    1    0    1    1    0    1    1    0    1    1    0    1    1    0    1    1    0    1    0    1    1    1    1    1    0    1    1    0    1    1    1    1    1    1    1    1    0    2    1    0    2    1    1    2    1    0    2    1    1    2    1    2    2    1    0    3    1    0    3    1    1    1    2    0    3    3    0    3    3    0    3    3    0    3    3    0    2    4   28    2    1
    1    0    0    1    0    0    1    1    0    1    1    0    1    1    0    1    1    0    1    1    0    1    1    0    1    1    0    1    1    1    1    1    1    1    0    1    1    1    1    1    1    1    1    1    2    1    1    2    1    0    2    1    0    2    1    1    2    1    1    2    1    1    2    1    1    2    1    1    2    2    0    2    3    1    3    3    1    3    3    0    3    3    0    3    4    0    2    1   22    3
    1    0    0    1    0    0    1    1    0    1    1    0    1    1    0    1    1    0    1    1    0    1    1    0    1    1    0    1    1    1    1    1    1    1    1    1    1    1    1    1    1    1    1    0    2    1    1    1    1    1    1    1    1    2    1    1    1    1    1    2    1    1    2    1    1    2    1    0    3    2    1    2    3    0    4    3    0    4    3    1    3    3    1    3    4    0    3    1   20    2
    0    1    0    0    1    0    1    1    0    1    1    0    1    1    0    1    1    0    1    1    0    1    1    0    1    1    0    0    1    1    1    1    1    0    1    2    1    1    1    1    1    1    1    1    2    0    1    2    0    1    2    1    1    2    0    1    2    2    1    2    1    1    2    1    1    2    1    1    2    1    2    2    1    3    3    1    3    3    1    3    3    1    3    3    1    4    2   19    1    2
    0    1    0    0    1    0    1    1    0    1    1    0    1    1    0    1    1    0    1    1    0    1    1    0    1    1    0    1    1    1    1    1    1    0    1    1    1    1    1    1    1    1    1    1    1    0    1    2    1    1    2    1    1    2    1    1    2    1    1    2    1    1    2    1    1    2    1    1    2    0    2    2    0    3    3    0    3    3    0    3    3    0    3    3    0    4    2   23    1    4
    0    0    1    0    0    1    1    0    1    1    0    1    1    0    1    1    0    1    1    0    1    1    0    1    1    0    1    0    1    1    1    1    1    1    1    1    1    1    1    1    1    1    1    2    1    1    2    1    1    2    1    1    2    1    0    2    1    1    2    1    1    2    1    1    2    1    1    2    1    1    2    2    1    3    3    1    3    3    1    3    3    1    3    3    1    2    4   17    3    1
    0    0    1    0    0    1    1    0    1    0    1    1    0    1    1    0    1    1    0    1    1    1    0    1    0    1    1    1    0    1    1    1    1    1    1    1    1    1    1    1    1    1    1    1    1    1    1    1    1    1    1    2    0    1    1    1    1    2    1    1    3    0    1    3    0    1    2    1    1    2    0    2    4    1    3    2    2    3    3    1    3    3    1    3    2    2    4    3   20    1
    0    0    1    0    0    1    1    0    1    1    0    1    1    0    1    1    0    1    1    0    1    1    0    1    1    0    1    1    1    1    1    1    1    0    1    1    1    1    1    1    1    1    1    1    1    1    1    1    0    2    1    2    1    1    0    2    1    1    2    1    0    3    1    0    3    1    0    3    1    0    2    2    0    3    3    1    3    3    0    3    3    0    4    3    0    2    4   25    2    1
    0    0    1    0    0    1    1    0    1    1    0    1    1    0    1    1    0    1    1    0    1    1    0    1    1    0    1    1    1    1    1    1    1    1    1    1    1    1    1    2    1    1    0    2    1    0    2    1    1    2    1    1    2    1    0    2    1    1    2    1    1    2    1    0    2    1    0    3    1    0    2    2    0    3    3    0    3    3    0    3    3    0    3    3    0    2    4   25    2    1
    0    0    1    0    0    1    0    1    1    1    0    1    1    0    1    0    1    1    1    0    1    0    1    1    0    1    1    1    1    1    1    1    1    1    0    1    1    1    1    1    1    1    1    1    1    1    1    1    1    1    1    1    1    1    1    1    1    2    1    1    3    0    1    2    1    1    3    0    1    2    0    2    3    1    3    3    1    3    3    1    3    3    1    3    2    0    4    3   23    1
    1    0    0    1    0    0    1    1    0    1    1    0    1    1    0    1    1    0    1    1    0    1    1    0    1    1    0    1    0    1    1    1    1    1    0    1    1    0    1    1    0    2    1    1    1    1    1    2    1    0    2    1    1    2    1    0    2    1    1    2    1    1    2    1    1    2    1    0    3    2    0    2    3    0    3    3    1    3    3    0    3    3    0    3    4    1    2    1   26    2
    1    0    0    1    0    0    1    1    0    1    1    0    1    1    0    1    1    0    1    1    0    1    1    0    1    1    0    1    0    1    1    1    1    1    0    1    1    0    1    1    0    2    1    1    2    1    1    2    1    0    2    1    0    2    1    0    2    1    1    2    1    1    2    1    0    2    1    0    2    2    0    2    3    0    3    3    0    3    3    0    3    3    0    3    4    1    2    1   29    2
    1    0    0    1    0    0    1    1    0    1    1    0    1    1    0    1    1    0    1    1    0    1    1    0    1    1    0    1    1    1    1    1    1    1    1    1    1    1    1    1    1    1    1    1    1    1    0    2    1    1    1    1    1    1    1    1    1    1    0    3    1    0    3    1    0    3    1    1    2    2    0    2    3    0    4    3    0    4    3    1    3    3    1    3    4    1    2    1   22    2
