
1  0         21410        5001    0    1    0    1    1    0    1    1    0    0    2    0    0    2    0    7    0    5    0    2    4      7143    250000    150000
1  1         21158        5001    0    0    1    0    1    1    0    1    1    0    0    2    0    0    2    2    0    2    7    7    0    150000      7143    250000
1  2         21050        5001    1    0    0    1    0    1    1    0    1    2    0    0    2    0    0    0    5    7    2    4    0    250000    150000      7143
1  3         21147        5001    0    1    0    1    1    0    1    1    0    0    2    0    0    2    0    7    0    5    0    2    4      7143    250000    150000
1  4         21221        5001    0    1    0    1    1    0    1    1    0    0    2    0    0    2    0    7    0    5    0    2    4      7143    250000    150000
1  5         21357        5001    1    1    0    1    2    0    1    2    0    2    2    0    2    2    0    2    0    2    0    0    7    242857      7143    157143
1  6         21062        5001    1    0    0    1    1    0    1    1    0    2    0    0    2    0    0    2    0    2    0    7    7    250000      7143    150000
1  7         21389        5001    1    0    0    1    1    0    1    1    0    2    0    0    2    0    0    2    0    2    0    7    7    250000      7143    150000
1  8         21025        5001    1    0    0    1    0    1    1    0    1    2    0    0    2    0    0    0    5    7    2    4    0    250000    150000      7143
1  9         21553        5001    1    0    0    1    1    0    1    1    0    2    0    0    2    0    0    0    7    5    2    0    4    250000      7143    150000
1  10         21226        5001    0    1    0    0    1    1    0    1    1    0    2    0    0    2    0    5    0    7    4    2    0    150000    250000      7143
1  11         21144        5001    1    0    0    1    1    0    1    1    0    2    0    0    2    0    0    0    7    5    2    0    4    250000      7143    150000
1  12         21065        5001    0    1    0    0    1    1    0    1    1    0    2    0    0    2    0    2    2    0    7    0    7    150000    250000      7143
1  13         21154        5001    1    0    0    1    0    1    1    0    1    2    0    0    2    0    0    0    5    7    2    4    0    250000    150000      7143
1  14         21506        5001    1    0    0    1    1    0    1    1    0    2    0    0    2    0    0    0    7    5    2    0    4    250000      7143    150000
1  15         21116        5001    1    0    0    1    0    1    1    0    1    2    0    0    2    0    0    0    5    7    2    4    0    250000    150000      7143
1  16         21158        5001    1    0    0    1    0    1    1    0    1    2    0    0    2    0    0    0    5    7    2    4    0    250000    150000      7143
1  17         21305        5001    0    0    1    1    0    1    1    0    1    0    0    2    0    0    2    7    5    0    0    4    2      7143    150000    250000
1  18         21327        5001    1    1    0    2    1    0    2    1    0    2    2    0    2    2    0    0    2    2    0    0    7      7143    242857    157143
1  19         21418        5001    1    0    0    1    0    1    1    0    1    2    0    0    2    0    0    0    5    7    2    4    0    250000    150000      7143