
2  0         27140       10628    0    2    6    1    5    6    2    5    5    3    5    5    3    5    5    4    5    6    4    5    6    5    5    6    6    5    6    250000     15625    141667
2  1         27188       15004    0    5    5    1    5    5    2    5    5    3    5    5    3    5    5    4    6    5    4    6    5    6    6    5    6    6    5    250000    150001      5555
2  2         27034        5001    1    5    0    5    5    1    2    5    2    5    5    3    5    5    3    5    6    4    5    6    4    5    6    6    5    6    6      7143    150000    250000
2  3         27125        5001    5    2    0    5    1    1    5    5    2    5    5    3    5    5    3    6    5    4    6    5    4    6    5    6    6    5    6    150000      7143    250000
2  4         27133       11250    0    2    6    1    3    6    2    6    6    3    6    5    3    5    5    4    1    6    4    6    6    5    6    6    5    4    6    243750     12500    150000
2  5         27346        5001    5    1    0    5    2    1    5    5    2    5    5    3    5    5    3    6    5    4    6    5    4    6    5    6    6    5    6    150000      7143    250000
2  6         27225        5001    2    0    5    1    1    5    5    2    5    5    3    5    5    3    5    5    4    6    5    4    6    5    6    6    5    6    6      7143    250000    150000
2  7         27100        5001    5    0    2    5    1    1    5    3    5    5    6    5    5    6    5    6    4    5    6    2    5    6    3    5    6    4    5    150000    250000      7143
2  8         27114        5001    2    0    5    5    1    5    1    2    5    5    3    5    5    3    5    5    4    6    5    4    6    5    6    6    5    6    6      7143    250000    150000
2  9         27246       26432    0    1    5    6    1    5    2    6    5    4    3    5    3    3    5    6    4    5    6    4    5    6    5    5    5    5    5    242858    128571     33333
2  10         27163       11250    6    6    0    0    1    1    4    6    2    6    4    3    5    2    3    5    6    4    5    6    4    3    5    5    6    3    5    150000    162500     93750
2  11         27020       29286    6    0    1    5    1    4    6    2    3    2    3    3    6    3    5    6    4    6    5    4    6    5    5    6    4    5    0    157142     92856    157144
2  12         27008        9287    4    3    3    2    4    3    6    2    3    0    3    5    5    4    5    6    5    6    5    2    6    4    0    6    1    1    6    235714     14286    157143
2  13         27815       10628    6    1    2    6    3    5    5    0    5    5    3    5    5    4    5    6    2    5    6    4    5    6    5    5    6    6    5    141667    250000     15625
2  14         27149        5001    5    5    0    2    5    1    1    5    6    5    5    3    5    5    3    5    6    4    5    6    4    5    6    2    5    6    6      7143    150000    250000
2  15         27254        5001    0    5    2    1    5    1    2    5    5    3    5    5    3    5    5    4    6    5    4    6    5    6    6    5    6    6    5    250000    150000      7143
2  16         27188        8750    0    5    2    1    5    5    2    5    5    3    5    5    3    5    5    4    6    5    4    6    5    6    6    5    6    6    5    250000    150000      6250
2  17         27069       13335    6    0    0    5    1    1    6    2    2    6    3    4    4    3    3    5    4    6    5    4    6    3    5    6    6    5    5    150000     91667    166666
2  18         27243        9287    0    5    5    1    2    5    2    5    5    3    1    5    3    5    5    4    4    6    4    3    6    6    2    6    6    5    6    245238      9524    152381
2  19         27281       11250    1    6    3    4    4    5    2    5    2    3    6    6    4    4    6    4    6    5    6    6    1    4    4    0    5    5    3     12500    150000    243750