
2  0         29453       46057    0    1    1    2    3    1    3    4    1    5    4    1    5    4    3    5    4    3    6    6    3    6    6    4    6    6    5    252844    114633     41466
2  1         28217        6306    0    5    6    1    5    2    2    5    5    3    5    5    3    5    5    4    6    5    4    6    5    6    6    5    6    6    5    250000    147826      8696
2  2         27320       23750    0    6    2    1    2    5    3    2    5    5    5    5    3    5    5    4    6    5    4    6    5    6    6    5    6    6    5    250000    120000     38750
2  3         27291       15004    0    6    5    1    6    5    2    5    5    3    5    5    3    5    5    4    6    5    4    6    5    5    6    5    6    6    5    250000    141667     13889
2  4         27658       14698    0    4    2    1    4    4    2    4    4    3    6    4    3    6    4    5    6    4    5    6    5    5    6    5    6    6    5    251510    141415     15151
2  5         27619       11250    0    5    5    1    5    1    6    5    5    3    5    5    3    5    5    4    6    5    4    6    5    2    6    5    6    6    5    250000    150000      6250
2  6         27630       10628    0    6    5    1    6    2    2    5    5    3    5    5    3    5    5    4    6    5    4    6    5    5    6    5    6    6    5    250000    141667     15625
2  7         28134        5001    0    5    1    1    6    2    2    5    5    3    5    5    3    5    5    4    5    5    4    6    5    6    6    5    6    6    5    250000    150000      7143
2  8         27709       15004    0    5    5    1    6    5    2    5    5    3    5    5    3    5    5    4    6    5    4    6    5    6    6    5    6    6    5    250000    120000     35556
2  9         27075       10628    0    5    2    1    6    5    2    5    5    3    5    5    3    6    5    4    6    5    4    6    5    5    6    5    6    6    5    250000    141667     15625
2  10         28314       10628    0    6    2    1    6    5    2    5    5    3    5    5    3    5    5    4    6    5    4    6    5    5    6    5    6    6    5    250000    141667     15625
2  11         28573       38750    0    2    2    0    5    3    1    5    3    1    5    3    3    6    3    3    6    4    4    6    4    4    6    4    5    6    4    127500    220000     61250
2  12         28358        8750    0    5    2    1    5    5    6    5    5    3    5    5    3    5    5    4    6    5    4    6    5    2    6    5    6    6    5    250000    150000      6250
2  13         27366       10628    0    6    5    1    5    2    2    6    5    3    5    5    3    5    5    4    6    5    4    6    5    5    6    5    6    6    5    250000    141667     15625
2  14         28574        5001    0    5    2    1    5    1    2    5    5    3    5    5    3    5    5    4    6    5    4    6    5    6    6    5    6    6    5    250000    150000      7143
2  15         28224       10628    0    6    2    1    6    5    2    5    5    3    5    5    3    5    5    4    6    5    4    6    5    5    6    5    6    6    5    250000    141667     15625
2  16         28815       15001    5    0    0    5    1    0    6    2    1    6    3    2    6    3    2    6    4    3    6    4    3    6    5    4    6    5    4    157143    242857      7143
2  17         27478       11250    0    5    5    1    5    1    2    5    5    3    5    5    3    5    5    4    6    5    4    6    5    6    6    5    6    6    5    250000    150000      6250
2  18         27597       10628    0    6    5    1    6    2    2    5    5    3    5    5    3    5    5    4    6    5    4    6    5    6    6    5    5    6    5    250000    141667     15625
2  19         27298       14234    0    6    2    1    6    6    6    5    5    3    5    5    3    5    5    4    6    5    4    6    5    5    6    5    2    6    5    250000    138461     19231