
1  0         90105       41840    0    0    1    0    0    1    1    0    1    1    0    1    1    0    1    1    0    1    1    0    1    1    0    1    1    0    1    1    1    1    0    1    1    1    1    1    1    1    1    2    1    1    2    1    1    2    1    1    0    2    1    0    2    1    2    1    1    1    2    1    1    2    1    1    2    1    0    3    1    0    2    2   11    2    2    0    3    3    0    3    3    0    3    3    5    4    3    5    4    3      6969     13636     63030
1  1         90182       39586    1    0    0    1    0    0    1    0    1    1    0    1    1    0    1    1    0    1    1    0    1    1    0    1    1    0    1    1    1    0    1    1    1    1    1    1    1    1    1    1    2    0    1    2    0    1    2    0    1    1    2    1    2    0    1    2    0    1    2    1    1    2    1    1    2    1    1    3    0    2    2    0    3    3    0    3    1    4    3    3    0    3    3    0    4    2    0    1    4   23     62917     13543      7083
1  2         90455       39362    0    1    0    0    1    0    1    1    0    1    1    0    1    1    0    1    1    0    1    1    0    1    1    0    1    1    0    0    1    1    0    1    1    1    1    1    0    1    1    2    1    1    0    1    2    0    1    2    0    1    2    0    1    2    0    1    2    0    1    3    0    1    3    1    1    2    0    1    3    0    2    2    0    3    3    2    3    2    7    2    4    4    3    1    2    4    1   16    2    3      7097     62903     13548
1  3         91600       52912    1    0    0    1    0    0    1    0    1    1    0    1    1    0    1    1    0    1    1    1    0    1    1    0    1    1    0    1    1    1    1    1    1    1    1    1    1    1    1    1    1    2    1    2    0    1    2    0    1    2    0    1    2    0    1    2    0    1    2    1    1    2    1    1    2    1    1    3    0    2    2    0    3    2    2    3    2    2    3    2    2    3    1    4    4    2    1    1    4   18     60364     14818      8909
1  4         91203       40004    0    0    1    0    0    1    1    0    1    1    0    1    1    0    1    1    0    1    1    0    1    1    0    1    1    0    1    0    1    1    1    1    1    0    1    1    0    1    1    2    1    1    2    1    1    2    1    1    0    2    1    2    1    1    2    1    1    3    1    1    3    1    1    3    1    1    2    2    1    2    1    2    0    8    2    4    1    3    0    3    3    2    2    3    2    1    4    3   10    2      6667     13333     63333
1  5         90189       43250    0    1    0    0    1    0    1    1    0    1    1    0    1    1    0    1    1    0    1    1    0    1    1    0    0    1    1    0    1    1    0    1    1    1    1    1    0    1    1    2    1    1    2    1    1    2    1    1    2    1    1    2    1    1    2    1    1    1    1    2    4    1    1    1    1    2    4    1    1    2    2    1    2    3    2    2    3    2    2    3    2    3    2    6    0    4    2    2    2   10      6500     62875     14125
1  6         90690       49198    1    0    0    1    0    0    1    0    1    1    0    1    1    0    1    1    0    1    1    0    1    1    0    1    1    1    0    1    1    0    1    1    0    1    1    0    1    1    1    1    1    2    1    1    2    1    2    0    1    2    0    1    2    0    1    2    0    1    3    0    1    3    0    1    3    0    1    2    1    2    2    0    3    0    6    3    3    0    3    2    2    3    2    2    4    0    4    1    7   16     62432     13783      7568
1  7         90306       42500    1    0    0    1    0    0    1    0    1    1    0    1    1    0    1    1    0    1    1    0    1    1    0    1    1    0    1    1    1    1    1    1    1    1    1    0    1    1    1    1    1    2    1    2    0    1    2    0    1    2    0    1    2    0    1    2    0    1    2    1    1    3    0    1    2    1    1    3    0    2    2    0    3    3    0    3    3    0    2    4    7    3    3    0    4    0    4    2    2   17     62500     13750      7500
1  8         90089       40010    0    0    1    0    0    1    0    1    1    0    1    1    0    1    1    0    1    1    0    1    1    0    1    1    0    1    1    1    1    1    1    0    1    1    0    1    1    1    1    1    2    1    2    0    1    2    0    1    2    0    1    2    0    1    1    2    1    3    0    1    3    0    1    2    1    1    2    1    1    2    0    2    3    0    3    3    0    3    3    9    2    3    0    3    2    0    4    2   18    2     13529      7059     62942
1  9         90796       48106    0    1    0    0    1    0    0    1    1    0    1    1    0    1    1    0    1    1    0    1    1    1    1    0    0    1    1    1    1    1    1    1    1    1    1    1    1    1    1    2    1    0    2    1    0    2    1    0    2    1    0    2    1    0    2    1    0    2    1    1    2    1    1    3    1    0    3    1    0    2    2    0    2    3    2    1    3    4    2    3    2    3    3    1    2    4    1    3    1   20     14788     60416      8761
1  10         91052       45000    0    0    1    0    0    1    1    0    1    0    0    1    1    0    1    1    0    1    1    0    1    1    0    1    1    0    1    0    1    1    0    1    1    0    1    1    0    1    1    0    2    1    0    2    1    0    2    1    0    2    1    0    2    1    0    2    1    1    2    1    0    3    1    0    3    1    0    3    1    1    1    2    2    2    3    2    2    3    6    0    3    8    4    2    0    2    4   16    4    2      6250     13125     63750
1  11         90620       38830    1    0    0    1    0    0    1    1    0    1    1    0    1    1    0    1    1    0    1    1    0    1    1    0    1    1    0    1    0    1    1    0    1    1    0    1    1    0    1    1    2    1    1    0    2    1    0    2    1    0    2    1    0    2    1    0    2    1    0    3    1    0    3    1    0    3    1    0    3    2    0    2    2    7    4    3    2    2    3    2    2    3    2    2    4    2    1    2   18    2     62941      7059     13529
1  12         90601       45408    0    1    0    0    1    0    1    1    0    1    1    0    1    1    0    0    1    1    1    1    0    1    1    0    1    1    0    1    1    1    0    1    1    0    1    1    0    1    1    0    1    2    0    1    2    0    1    2    0    1    2    0    1    2    0    1    2    1    1    2    0    1    3    1    1    2    0    1    3    0    2    2    0    3    3    7    2    4    0    3    3    4    3    1    2    4    1   20    2    1      7027     62973     13514
1  13         91188       37730    0    0    1    0    0    1    0    1    1    0    1    1    0    1    1    0    1    1    0    1    1    0    1    1    0    1    1    1    0    1    1    0    1    1    0    1    1    1    1    2    0    1    2    0    1    2    0    1    2    0    1    2    0    1    2    0    1    3    0    1    2    1    1    2    1    1    3    0    1    2    0    2    3    0    3    1    4    3    1    4    3    1    4    3    2    0    4    6   20    1     13409      6818     63182
1  14         90036       60670    0    1    0    0    1    0    0    1    1    1    1    0    0    1    1    1    1    0    1    1    0    1    1    0    0    1    1    1    1    1    0    1    1    1    1    1    1    1    1    2    1    1    2    1    1    2    1    1    2    1    1    0    1    2    0    1    2    1    1    2    1    1    2    1    1    2    1    1    2    0    2    2    4    3    1    0    3    3    2    3    2    2    3    2    1    4    2   14    1    7      8333     60667     14667
1  15         90418       36800    1    0    0    1    0    0    1    0    1    1    0    1    1    0    1    1    0    1    1    0    1    1    0    1    1    0    1    1    1    0    1    1    1    1    1    0    1    1    0    1    2    0    1    2    0    1    2    0    1    2    0    1    2    0    1    2    0    1    1    3    1    3    0    1    3    0    1    3    0    2    2    0    3    1    4    3    2    2    3    2    2    3    2    2    3    2    9    2    5   12     62800     13600      7200
1  16         91055       37716    0    0    1    0    0    1    0    1    1    0    1    1    0    1    1    0    1    1    0    1    1    0    1    1    0    1    1    1    0    1    1    0    1    1    0    1    1    0    1    2    0    1    1    3    1    1    3    1    2    0    1    1    3    1    1    3    1    2    1    1    2    1    1    2    2    1    2    1    1    1    1    2    2    1    3    2    1    3    6    4    2    2    1    3    5    3    3    4    7    3     14000      3714     66000
1  17         90905       38072    1    0    0    1    0    0    1    1    0    1    1    0    1    1    0    1    1    0    1    1    0    1    1    0    1    1    0    1    0    1    1    0    1    1    0    1    1    1    1    1    2    1    1    0    2    1    0    2    1    0    2    1    0    2    1    0    2    1    0    3    1    1    2    1    0    3    1    0    3    2    0    2    2    7    4    3    2    2    3    2    2    3    0    3    4    4    0    2   16    3     62903      7097     13548
1  18         90351       39132    0    1    0    0    1    0    0    1    1    0    1    1    0    1    1    0    1    1    0    1    1    0    1    1    0    1    1    1    1    1    1    1    1    1    1    1    1    1    0    1    1    2    1    1    2    2    1    0    1    1    2    1    1    2    1    1    2    2    1    1    2    1    1    2    1    1    2    1    1    1    2    2    3    3    0    2    3    2    7    2    1    3    3    0    2    4    0    5    2   13     13912     63044      6522
1  19         90401       43840    1    0    0    1    0    0    1    1    0    1    0    1    1    1    0    1    1    0    1    1    0    1    1    0    1    1    0    1    0    1    1    0    1    1    0    1    1    1    1    1    2    1    1    0    2    1    0    2    1    0    2    1    0    2    1    0    2    1    0    3    1    1    2    1    1    2    1    1    2    2    0    2    3    4    1    3    0    3    3    2    2    3    0    3    4    2    1    1   22    5     63192      6808     13406