    0    0    1    0    0    1    1    0    1    1    0    1    1    0    1    1    0    1    1    0    1    1    0    1    1    0    1    1    1    1    0    1    1    1    1    1    1    1    1    2    1    1    2    1    1    2    1    1    0    2    1    0    2    1    2    1    1    1    2    1    1    2    1    1    2    1    0    3    1    0    2    2   11    2    2    0    3    3    0    3    3    0    3    3    5    4    3    5    4    3
    1    0    0    1    0    0    1    0    1    1    0    1    1    0    1    1    0    1    1    0    1    1    0    1    1    0    1    1    1    0    1    1    1    1    1    1    1    1    1    1    2    0    1    2    0    1    2    0    1    1    2    1    2    0    1    2    0    1    2    1    1    2    1    1    2    1    1    3    0    2    2    0    3    3    0    3    1    4    3    3    0    3    3    0    4    2    0    1    4   23
    0    1    0    0    1    0    1    1    0    1    1    0    1    1    0    1    1    0    1    1    0    1    1    0    1    1    0    0    1    1    0    1    1    1    1    1    0    1    1    2    1    1    0    1    2    0    1    2    0    1    2    0    1    2    0    1    2    0    1    3    0    1    3    1    1    2    0    1    3    0    2    2    0    3    3    2    3    2    7    2    4    4    3    1    2    4    1   16    2    3
    1    0    0    1    0    0    1    0    1    1    0    1    1    0    1    1    0    1    1    1    0    1    1    0    1    1    0    1    1    1    1    1    1    1    1    1    1    1    1    1    1    2    1    2    0    1    2    0    1    2    0    1    2    0    1    2    0    1    2    1    1    2    1    1    2    1    1    3    0    2    2    0    3    2    2    3    2    2    3    2    2    3    1    4    4    2    1    1    4   18
    0    0    1    0    0    1    1    0    1    1    0    1    1    0    1    1    0    1    1    0    1    1    0    1    1    0    1    0    1    1    1    1    1    0    1    1    0    1    1    2    1    1    2    1    1    2    1    1    0    2    1    2    1    1    2    1    1    3    1    1    3    1    1    3    1    1    2    2    1    2    1    2    0    8    2    4    1    3    0    3    3    2    2    3    2    1    4    3   10    2
    0    1    0    0    1    0    1    1    0    1    1    0    1    1    0    1    1    0    1    1    0    1    1    0    0    1    1    0    1    1    0    1    1    1    1    1    0    1    1    2    1    1    2    1    1    2    1    1    2    1    1    2    1    1    2    1    1    1    1    2    4    1    1    1    1    2    4    1    1    2    2    1    2    3    2    2    3    2    2    3    2    3    2    6    0    4    2    2    2   10
    1    0    0    1    0    0    1    0    1    1    0    1    1    0    1    1    0    1    1    0    1    1    0    1    1    1    0    1    1    0    1    1    0    1    1    0    1    1    1    1    1    2    1    1    2    1    2    0    1    2    0    1    2    0    1    2    0    1    3    0    1    3    0    1    3    0    1    2    1    2    2    0    3    0    6    3    3    0    3    2    2    3    2    2    4    0    4    1    7   16
    1    0    0    1    0    0    1    0    1    1    0    1    1    0    1    1    0    1    1    0    1    1    0    1    1    0    1    1    1    1    1    1    1    1    1    0    1    1    1    1    1    2    1    2    0    1    2    0    1    2    0    1    2    0    1    2    0    1    2    1    1    3    0    1    2    1    1    3    0    2    2    0    3    3    0    3    3    0    2    4    7    3    3    0    4    0    4    2    2   17
    0    0    1    0    0    1    0    1    1    0    1    1    0    1    1    0    1    1    0    1    1    0    1    1    0    1    1    1    1    1    1    0    1    1    0    1    1    1    1    1    2    1    2    0    1    2    0    1    2    0    1    2    0    1    1    2    1    3    0    1    3    0    1    2    1    1    2    1    1    2    0    2    3    0    3    3    0    3    3    9    2    3    0    3    2    0    4    2   18    2
    0    1    0    0    1    0    0    1    1    0    1    1    0    1    1    0    1    1    0    1    1    1    1    0    0    1    1    1    1    1    1    1    1    1    1    1    1    1    1    2    1    0    2    1    0    2    1    0    2    1    0    2    1    0    2    1    0    2    1    1    2    1    1    3    1    0    3    1    0    2    2    0    2    3    2    1    3    4    2    3    2    3    3    1    2    4    1    3    1   20
    0    0    1    0    0    1    1    0    1    0    0    1    1    0    1    1    0    1    1    0    1    1    0    1    1    0    1    0    1    1    0    1    1    0    1    1    0    1    1    0    2    1    0    2    1    0    2    1    0    2    1    0    2    1    0    2    1    1    2    1    0    3    1    0    3    1    0    3    1    1    1    2    2    2    3    2    2    3    6    0    3    8    4    2    0    2    4   16    4    2
    1    0    0    1    0    0    1    1    0    1    1    0    1    1    0    1    1    0    1    1    0    1    1    0    1    1    0    1    0    1    1    0    1    1    0    1    1    0    1    1    2    1    1    0    2    1    0    2    1    0    2    1    0    2    1    0    2    1    0    3    1    0    3    1    0    3    1    0    3    2    0    2    2    7    4    3    2    2    3    2    2    3    2    2    4    2    1    2   18    2
    0    1    0    0    1    0    1    1    0    1    1    0    1    1    0    0    1    1    1    1    0    1    1    0    1    1    0    1    1    1    0    1    1    0    1    1    0    1    1    0    1    2    0    1    2    0    1    2    0    1    2    0    1    2    0    1    2    1    1    2    0    1    3    1    1    2    0    1    3    0    2    2    0    3    3    7    2    4    0    3    3    4    3    1    2    4    1   20    2    1
    0    0    1    0    0    1    0    1    1    0    1    1    0    1    1    0    1    1    0    1    1    0    1    1    0    1    1    1    0    1    1    0    1    1    0    1    1    1    1    2    0    1    2    0    1    2    0    1    2    0    1    2    0    1    2    0    1    3    0    1    2    1    1    2    1    1    3    0    1    2    0    2    3    0    3    1    4    3    1    4    3    1    4    3    2    0    4    6   20    1
    0    1    0    0    1    0    0    1    1    1    1    0    0    1    1    1    1    0    1    1    0    1    1    0    0    1    1    1    1    1    0    1    1    1    1    1    1    1    1    2    1    1    2    1    1    2    1    1    2    1    1    0    1    2    0    1    2    1    1    2    1    1    2    1    1    2    1    1    2    0    2    2    4    3    1    0    3    3    2    3    2    2    3    2    1    4    2   14    1    7
    1    0    0    1    0    0    1    0    1    1    0    1    1    0    1    1    0    1    1    0    1    1    0    1    1    0    1    1    1    0    1    1    1    1    1    0    1    1    0    1    2    0    1    2    0    1    2    0    1    2    0    1    2    0    1    2    0    1    1    3    1    3    0    1    3    0    1    3    0    2    2    0    3    1    4    3    2    2    3    2    2    3    2    2    3    2    9    2    5   12
    0    0    1    0    0    1    0    1    1    0    1    1    0    1    1    0    1    1    0    1    1    0    1    1    0    1    1    1    0    1    1    0    1    1    0    1    1    0    1    2    0    1    1    3    1    1    3    1    2    0    1    1    3    1    1    3    1    2    1    1    2    1    1    2    2    1    2    1    1    1    1    2    2    1    3    2    1    3    6    4    2    2    1    3    5    3    3    4    7    3
    1    0    0    1    0    0    1    1    0    1    1    0    1    1    0    1    1    0    1    1    0    1    1    0    1    1    0    1    0    1    1    0    1    1    0    1    1    1    1    1    2    1    1    0    2    1    0    2    1    0    2    1    0    2    1    0    2    1    0    3    1    1    2    1    0    3    1    0    3    2    0    2    2    7    4    3    2    2    3    2    2    3    0    3    4    4    0    2   16    3
    0    1    0    0    1    0    0    1    1    0    1    1    0    1    1    0    1    1    0    1    1    0    1    1    0    1    1    1    1    1    1    1    1    1    1    1    1    1    0    1    1    2    1    1    2    2    1    0    1    1    2    1    1    2    1    1    2    2    1    1    2    1    1    2    1    1    2    1    1    1    2    2    3    3    0    2    3    2    7    2    1    3    3    0    2    4    0    5    2   13
    1    0    0    1    0    0    1    1    0    1    0    1    1    1    0    1    1    0    1    1    0    1    1    0    1    1    0    1    0    1    1    0    1    1    0    1    1    1    1    1    2    1    1    0    2    1    0    2    1    0    2    1    0    2    1    0    2    1    0    3    1    1    2    1    1    2    1    1    2    2    0    2    3    4    1    3    0    3    3    2    2    3    0    3    4    2    1    1   22    5
