
1  0        105262      526368    3    0    0    0    1    1    1    0    2    0    1    2    3    0    0    1    1    1    2    0    1    0    2    0    0    2    0    1    0    2    4    0    0    0    2    0    1    0    2    1    2    0    2    1    0    0    1    2    0    1    2    1    0    3    0    1    2    2    1    1    3    0    1    1    2    0    2    0    2    2    1    3    1    5    1    0    4    3    1    0    8    4    4    0    5    3    3    1    7    0     22077     36846     25990
1  1        108251      538000    1    0    1    1    1    0    2    0    0    0    2    1    1    1    1    1    2    0    0    1    2    1    1    1    0    2    1    2    1    0    1    3    0    1    0    2    2    1    0    2    1    0    1    1    1    0    3    1    1    1    1    0    0    3    2    1    0    0    1    3    0    0    3    0    3    2    2    0    1    0    1    4    4    1    2    0    2    6    3    3    2    5    3    0    5    2    2    4    4    2     35000     19000     32000
1  2        105925      147006    2    1    0    0    1    1    1    0    1    1    0    1    0    1    1    1    0    1    0    1    1    0    5    0    0    2    1    4    0    0    0    2    1    1    1    1    1    4    0    0    0    2    4    0    0    0    0    2    0    0    2    1    2    1    1    1    1    2    1    1    0    0    2    2    1    1    0    0    2    4    6    0    3    1    3    2    6    2    1    4    3    2    0    4    5    2    3    4    0    4     20571     13786     49428
1  3        103231      540000    1    2    0    0    1    1    0    2    1    1    0    1    0    1    1    0    1    1    2    2    0    0    0    2    1    0    1    2    0    1    3    1    0    2    2    0    2    0    1    0    0    2    2    0    1    0    2    1    0    0    2    1    1    1    0    1    2    1    4    0    0    0    3    0    0    2    3    0    1    0    3    2    2    3    3    4    1    3    3    4    2    4    5    1    6    3    2    2    3    4     20000     20000     45000
1  4         99712      550890    2    0    0    1    0    1    1    1    0    1    1    0    1    1    0    1    1    0    0    0    3    0    0    3    1    0    2    1    0    2    0    2    2    1    0    2    1    2    0    1    0    2    0    2    2    2    0    1    2    0    1    1    2    0    1    0    3    2    0    1    0    4    0    0    2    3    1    2    1    2    3    0    5    1    0    3    5    0    6    0    0    2    4    3    1    5    5    2    4    5     38778     24222     21111
1  5        100263      526000    1    1    0    1    1    0    2    0    1    0    1    1    2    0    1    0    0    3    0    2    0    0    1    1    3    0    0    0    1    2    1    1    1    0    1    2    0    1    2    0    2    0    2    0    2    0    2    0    0    1    2    1    2    0    2    1    0    0    2    1    0    1    3    3    0    2    0    3    0    2    2    1    2    3    3    4    3    1    4    2    3    3    2    4    8    0    5    1    6    1     21000     40500     22500
1  6        103730      148000    1    0    1    1    1    0    0    2    1    1    1    0    0    1    2    0    1    2    2    0    0    1    0    2    2    0    0    1    0    2    0    2    1    2    0    0    2    0    0    0    2    2    1    1    1    2    1    0    0    1    3    2    0    1    1    2    0    1    1    2    1    1    2    0    2    2    0    1    4    2    1    3    1    6    1    5    1    1    4    3    0    3    5    0    1    6    4    5    0    5     36000     27000     20000
1  7        145939      488336    1    0    2    0    1    1    1    1    1    3    0    0    0    0    3    1    0    2    0    0    3    0    2    0    2    0    1    1    1    1    0    2    0    0    0    4    2    1    0    2    1    0    0    2    1    0    0    4    2    0    2    2    1    0    1    2    0    3    1    0    1    0    3    1    2    0    1    2    0    1    2    2    0    3    5    5    3    0    4    2    3    2    4    1    0    7    0    6    2    3     22500     39167     22500
1  8        116848      521000    1    0    1    1    1    0    2    0    0    0    4    0    2    0    0    1    0    1    2    0    0    0    3    0    0    1    2    1    0    2    0    1    2    0    1    2    0    4    0    0    0    3    3    0    0    1    1    1    2    1    0    0    3    1    1    0    2    1    0    2    0    0    3    0    4    1    0    2    2    3    1    1    5    2    1    5    3    0    5    0    2    3    3    2    1    4    6    2    3    5     33500     21000     30000
1  9        104479      491906    2    1    0    3    0    0    0    0    2    2    0    1    2    0    1    0    0    2    0    0    2    2    0    1    0    1    1    0    0    3    1    0    2    3    0    1    2    2    0    0    3    0    0    2    1    3    0    1    0    3    0    3    0    1    0    2    1    0    2    1    0    2    1    0    2    1    2    2    0    1    1    3    3    2    3    5    1    3    2    6    0    3    3    2    3    7    0    0    0    8     18333     32143     35000
1  10        116470      513336    1    0    1    0    1    1    0    0    2    1    2    0    0    3    0    2    0    1    2    0    1    2    1    0    0    3    0    0    0    2    1    1    1    1    1    1    1    1    1    1    1    1    3    1    0    0    1    2    2    2    0    0    1    2    1    1    1    0    3    1    1    0    2    1    0    2    1    0    2    4    1    1    1    0    5    6    4    0    1    4    3    4    4    1    1    2    6    4    4    2     22778     23333     37963
1  11        100754      498750    1    0    2    1    1    0    1    0    2    0    1    1    2    1    0    0    1    1    2    1    0    3    1    0    0    1    1    0    1    1    0    1    1    1    2    0    1    0    3    1    1    1    0    2    0    0    2    0    1    1    1    1    2    0    0    1    2    2    1    1    0    1    2    1    0    3    0    1    2    0    1    4    4    1    5    4    1    5    4    4    0    6    3    1    5    5    0    1    4    3     11875     45000     27500
1  12        112140      511820    0    1    1    1    0    2    0    2    0    1    0    2    2    0    1    2    0    1    1    1    1    1    0    2    1    1    0    0    1    2    0    2    1    3    0    1    0    2    0    2    1    0    1    1    1    1    1    1    1    1    1    2    0    2    1    1    1    2    1    1    4    0    0    0    3    0    0    1    3    0    3    2    3    3    2    2    4    1    4    1    4    3    3    2    3    2    6    1    6    1     25000     39090     20460
1  13        151355       55136    1    0    0    1    0    0    1    0    0    1    0    1    1    0    1    1    0    1    1    0    0    1    0    0    1    0    1    1    1    0    1    1    0    1    1    0    1    1    0    1    2    0    1    2    0    1    2    0    1    2    0    1    2    0    1    2    0    1    3    0    1    2    2    1    2    1    1    2    2    2    2    0    3    2    2    3    2    2    2    5    6    3    3    0    4    0    4    2    3   19     64054     12973      5946
1  14        114529      504768    1    1    0    1    1    0    1    0    1    0    1    3    1    0    2    1    0    1    1    1    0    0    3    1    1    1    0    1    2    0    1    2    0    2    0    0    1    1    1    1    0    2    1    1    1    2    0    0    2    0    0    1    1    1    1    0    2    1    0    3    1    0    3    2    0    1    1    0    3    0    1    7    3    3    2    2    1    6    1   10    0    2    7    0    3    5    2    6    0    0     46666     18334     18809
1  15        143557      497600    0    1    1    1    2    0    2    1    0    1    0    1    2    1    0    1    3    0    2    1    0    3    0    0    0    0    2    2    1    0    2    1    0    0    0    2    0    3    1    3    0    0    1    1    1    2    2    0    0    0    2    1    0    2    1    2    1    2    3    0    0    1    2    3    1    0    0    1    2    1    6    1    1    0    5    0    5    4    6    0    1    0    2    5    5    1    3    0    3    6     29200     13600     40500
1  16        170669      473286    1    1    0    1    0    1    1    1    0    0    0    4    1    1    0    0    1    3    0    3    0    0    2    1    0    2    1    2    0    0    1    0    3    1    1    1    0    3    1    1    2    0    1    2    0    0    1    4    2    0    0    2    0    0    1    2    0    1    0    3    0    3    2    1    3    0    2    0    1    2    1    2    2    6    0    3    2    3    4    1    2    2    2    6    4    2    3    6    0    1     43881     23143     16714
1  17        115808      516250    2    0    0    1    0    1    1    0    1    1    0    1    2    0    0    1    0    1    2    0    0    1    0    1    2    0    0    0    1    2    0    2    1    2    1    0    0    0    3    1    0    2    1    1    1    3    0    0    1    3    0    2    1    0    1    3    0    1    2    1    0    1    3    0    2    2    2    2    0    2    0    3    4    2    2    3    2    3    1    5    3    0    0    8    4    3    3    1   11    0     34250     21625     28750
1  18        136776      491334    0    2    0    2    0    0    0    0    4    0    2    0    1    0    2    0    1    2    1    1    0    2    0    0    0    2    0    2    0    1    1    1    1    2    1    0    0    0    4    0    1    3    0    3    0    0    2    2    0    0    5    2    1    0    1    0    3    3    0    0    0    3    0    2    1    0    2    0    2    1    3    1    2    4    2    1    5    2    6    0    1    4    2    2    2    4    4    5    3    1     33111     32001     18442
1  19        124981      567000    1    0    1    1    0    1    0    0    3    0    2    1    1    0    1    2    0    0    1    0    1    1    1    1    0    3    0    1    0    2    1    2    0    1    1    1    0    2    1    1    0    2    0    1    3    1    2    0    0    4    0    2    1    0    0    4    0    2    0    1    0    1    3    1    1    2    1    0    3    2    0    3    4    2    2    1    7    2    6    0    1    1    3    4    6    3    0    4    2    3     36000     22500     27000