
1  0         90090      480000    1    0    1    1    0    1    1    1    0    1    0    1    1    1    0    0    2    2    1    1    0    1    0    1    0    1    3    1    2    0    2    0    0    1    2    0    1    0    2    2    0    0    1    0    3    1    2    0    1    1    1    1    2    0    1    1    1    1    0    4    2    0    0    1    0    4    2    0    0    2    0    4    2    4    3    3    1    4    3    2    3    2    5    2    2    9    0    3    5    2     50000     20000     15000
1  1         90090       55000    1    0    0    1    0    0    1    0    1    1    0    1    1    0    1    1    0    0    1    0    1    1    1    0    1    0    1    1    0    2    1    1    0    1    1    0    1    1    0    1    1    2    1    1    2    1    1    2    1    1    2    1    0    4    1    2    0    1    1    3    1    3    0    1    3    0    1    2    2    2    0    3    3    2    2    2    6    4    3    1    3    3    2    2    3    6    2    3    6    2     63750     12500      6875
1  2         90090      498800    1    0    1    1    1    0    1    1    0    1    2    0    1    1    0    1    1    0    1    2    0    1    1    0    1    1    0    1    2    0    1    1    1    1    2    0    1    2    0    1    0    2    1    1    1    1    2    1    2    0    0    2    0    0    2    0    0    2    1    0    2    1    0    1    1    2    1    1    2    1    2    3    2    3    4    3    4    1    2    2    5    2    2    5    2    2    7    2    3    7     45000     18000     20800
1  3         90090      420000    1    0    0    1    0    0    1    0    0    1    0    0    1    0    0    1    0    0    1    0    0    1    0    0    1    0    1    1    1    0    1    0    2    1    1    0    1    1    0    1    2    0    1    1    2    1    2    0    1    2    0    1    1    2    1    2    0    1    3    0    1    2    3    2    0    0    1    2    2    1    5    6    2    6    6    3    1    2    3    1    2    3    1    2    3    4    6    3    4    6     70000     10000      5000
1  4         90090      480000    1    0    0    0    2    8    1    0    0    1    0    0    1    0    0    1    0    0    1    0    0    1    0    0    1    0    0    1    1    0    1    0    1    1    1    0    1    0    2    2    0    0    1    2    0    1    2    0    1    1    2    1    0    3    1    2    0    1    3    0    2    0    0    1    3    0    1    2    2    1    4    8    3    1    1    2    7    4    2    6    6    3    1    1    3    4    4    4    0    0     70000     10000      5000
1  5         90090      498680    0    1    2    2    0    0    3    0    0    0    1    3    0    1    2    1    1    0    0    1    3    0    2    0    2    0    1    1    1    0    0    2    0    1    1    0    1    1    0    1    1    2    1    1    1    1    1    2    1    1    1    1    1    1    3    0    0    1    1    3    3    0    1    0    2    1    0    2    1    4    1    1    1    4    2    4    2    2    4    2    2    2    3    3    2    4    4    2    4    4     30333     45666      8666
1  6         90090      500000    0    0    3    1    1    0    2    1    0    0    1    1    0    1    1    0    1    1    0    2    0    3    0    2    1    1    0    2    1    0    3    0    2    1    0    3    1    1    1    1    1    1    0    2    0    0    1    2    0    1    2    1    1    1    1    1    1    0    1    3    0    2    0    1    1    2    2    1    1    4    1    2    3    2    4    4    2    3    4    2    4    3    3    2    2    5    0    2    5    0     15000     50000     20000
1  7         90090      472070    2    0    0    0    1    2    2    0    1    2    0    1    2    0    1    1    1    0    1    1    0    2    0    1    1    1    0    2    0    2    1    1    0    2    0    2    0    2    0    2    1    0    1    1    2    0    1    4    1    1    1    2    0    3    1    1    1    0    3    0    1    1    2    1    1    2    0    2    1    2    2    0    0    5    1    3    2    5    3    2    5    2    3    4    2    5    0    3    4    1     29743     44102     10512
1  8         90090      496708    1    0    4    0    1    0    0    1    1    4    0    0    0    1    1    1    1    0    0    2    0    1    0    5    0    1    1    1    1    1    1    1    0    0    1    2    0    1    2    2    1    0    0    2    0    2    1    0    1    1    1    1    1    1    2    1    0    2    1    1    2    1    0    0    2    0    1    1    2    1    2    2    5    2    3    1    3    4    7    2    0    1    3    4    4    3    4    1    4    3     16666     56666     10833
1  9         90090      488864    0    1    0    0    1    0    0    1    2    0    1    2    0    2    0    2    0    4    1    1    0    0    1    2    1    1    0    1    1    0    1    1    0    1    1    0    0    2    0    1    1    2    0    1    6    4    0    0    1    1    2    3    0    3    1    1    2    2    1    0    4    0    1    1    1    3    2    1    0    3    1    4    2    3    3    7    1    2    0    4    1    2    3    2    0    5    0    2    4    1     23142     56000      6000
1  10         90090      465668    0    2    0    1    0    1    1    0    3    0    2    1    1    1    0    0    2    1    0    0    8    2    0    0    0    2    1    2    0    0    1    1    0    1    1    0    1    1    1    2    0    0    0    3    0    1    2    0    2    0    0    2    0    0    1    1    2    1    1    2    1    1    3    0    3    1    1    2    0    2    2    0    3    2    4    3    3    0    2    3    6    3    3    0    4    2    4    4    2    4     45250     30416      8750
1  11         90090      496672    0    1    3    1    0    1    1    1    0    1    0    1    1    0    1    1    0    1    1    0    1    1    0    1    0    4    0    0    2    3    1    0    2    1    1    1    2    0    0    1    1    2    1    1    1    1    2    0    2    0    0    1    1    1    2    0    0    2    0    0    2    0    0    1    2    1    1    2    0    1    3    3    3    3    1    2    3    5    2    4    4    3    2    3    3    5    2    3    4    4     50000     20000     13333
1  12         90090      117600    4    0    0    0    1    1    2    1    0    0    1    1    0    1    1    2    1    0    0    1    1    0    1    1    0    1    1    1    1    1    1    1    1    1    1    1    1    1    1    0    1    2    0    2    0    0    2    0    0    1    2    0    1    2    0    1    2    2    1    1    3    1    0    1    2    0    1    1    2    2    1    3    4    2    3    2    3    3    4    2    3    2    3    3    4    3    3    5    3    3     16400     42000     24000
1  13         90090      157818    1    1    0    1    0    1    1    0    2    0    3    0    1    1    0    1    0    2    1    1    0    1    0    2    0    3    0    1    0    2    2    0    0    2    0    0    1    0    2    1    1    1    1    1    2    2    0    0    1    2    0    1    2    0    1    2    0    1    2    1    1    1    2    1    1    2    1    2    1    1    2    4    1    6    3    3    1    4    2    3    4    2    3    4    6    0    1    3    4    2     43099     22900     16500
1  14         90090      497200    1    0    1    0    0    2    1    0    1    2    0    0    2    0    0    2    0    0    0    0    2    1    0    1    1    0    1    0    0    2    1    1    1    2    0    1    1    3    0    1    1    1    1    1    1    3    0    0    0    1    2    0    1    2    3    0    0    1    2    1    0    0    3    3    0    0    1    0    2    1    3    2    3    4    2    1    3    4    2    1    4    3    7    1    2   12    1    3    2    4     32400     14800     37600
1  15         90090      518340    2    0    0    0    3    0    0    0    4    1    1    0    1    0    1    1    0    1    1    0    1    2    0    0    1    1    0    1    2    0    0    2    2    0    2    2    1    2    0    1    1    1    1    2    0    0    0    5    2    0    0    1    2    0    1    0    3    2    0    1    1    2    1    1    1    2    1    1    2    2    3    0    3    2    3    3    3    1    2    4    3    2    2    5    3    6    1    5    0    3     45000     21166     18000
1  16         90090      459428    0    0    1    0    0    1    3    2    0    0    1    1    0    1    1    4    0    0    1    0    1    1    0    1    3    2    0    3    4    0    1    0    1    0    2    1    1    0    1    0    0    2    0    4    1    0    4    1    1    2    1    2    0    1    1    2    1    1    3    1    3    0    1    2    1    1    1    3    1    1    2    2    2    2    3    2    2    3    1    4    3    0    0    4    6    0    3    2    1    4     16862      7843     59607
1  17         90090      420000    0    1    6    1    0    0    1    0    0    1    0    0    1    1    0    1    0    0    1    0    0    1    0    0    1    0    0    1    2    0    1    0    1    1    0    1    1    2    0    1    2    1    1    0    2    1    0    2    1    2    1    1    2    1    1    0    2    1    2    2    1    3    2    2    0    0    1    2    2    2    0    1    2   10    4    3    2    1    3    0    2    3    2    1    3    4    5    3    5    5     70000      5000     10000
1  18         90090      559500    1    0    1    1    0    1    2    1    0    1    2    0    1    0    2    0    1    1    0    2    0    2    1    0    0    2    0    1    2    0    2    1    0    1    0    2    2    1    0    0    0    3    1    2    0    3    1    0    1    2    0    1    1    1    0    1    2    3    1    0    0    3    0    1    2    1    3    1    0    3    1    2    0    3    5    6    1    2    2    1    5    2    4    2    2    2    6    0    3    6     22750     31750     31250
1  19         90090      492362    0    2    0    0    1    2    1    1    0    1    1    0    1    1    0    0    2    1    0    1    3    0    1    3    1    1    0    2    0    0    1    1    1    1    2    0    2    0    0    1    1    1    1    2    0    2    0    1    1    1    1    1    2    0    1    1    1    2    1    0    1    1    2    1    1    2    2    1    0    3    1    0    3    2    3    0    0   17    3    3    1    3    3    1    4    3    1    3    5    1     40000     30000     13529