
1  0         21420      201750    6    6    5    1    2    6    0    5    6    0    6    5    5    1    2    5    1    4    3    3    6    3    3    6    3    3    4    125000     52250    225000
1  1         21081      571500    5    0    1    1    6    5    5    3    4    6    0    2    6    0    6    0    0    5    3    3    4    3    3    6    3    3    6    130000     30000    270000
1  2         21820      157500    5    6    6    6    6    2    5    4    4    6    4    1    3    0    5    0    0    5    3    3    6    3    3    5    5    3    6     30000    122500    255000
1  3         21803       69375    5    1    6    6    1    4    6    6    6    5    0    2    2    6    6    3    0    5    3    3    5    3    3    5    3    3    4     29375    127500    250000
1  4         21079      165000    6    0    4    2    5    6    6    6    6    0    0    1    2    0    5    3    2    5    3    3    6    3    3    5    3    3    4    100000     50000    250000
1  5         21039      684000    2    2    4    6    0    4    1    5    6    0    0    6    0    2    1    3    3    5    3    3    6    3    3    5    3    3    6         0    125000    297500
1  6         22201      536500    1    2    5    4    6    2    6    6    6    0    0    1    5    0    6    6    3    5    4    3    6    3    3    4    3    3    5    140000     55000    220000
1  7         21038      161000    5    4    5    6    6    6    6    6    6    2    0    0    2    0    5    5    0    1    3    3    6    3    3    4    3    3    4    143000      7000    254000
1  8         21118      586500    1    1    4    2    4    2    6    0    5    5    0    6    6    0    5    3    0    5    3    3    4    6    3    4    0    3    6    250000         0    175000
1  9         21211      169000    5    0    5    5    5    2    4    5    4    3    0    5    6    0    1    3    6    6    6    6    4    3    3    6    3    3    6     82000     84000    234000
1  10         21343       65000    2    5    5    5    3    4    2    5    4    0    0    1    5    0    6    6    0    6    3    3    6    3    3    6    3    3    5    117000     37250    245750
1  11         21694      132500    1    3    5    0    1    6    1    0    6    5    3    5    0    0    2    5    3    6    3    3    6    3    3    4    3    3    4    117500     20000    275000
1  12         21479      781500    5    1    6    1    4    4    4    2    5    0    0    5    3    6    6    0    6    6    3    3    5    3    3    5    3    3    4         0    250000    200000
1  13         21060      249500    6    1    2    0    4    4    5    1    6    0    0    1    5    2    5    6    3    6    3    3    4    3    3    5    3    3    6    130000     15000    250500
1  14         21444      586500    4    3    2    1    0    4    6    5    5    0    0    2    5    0    5    6    2    4    6    3    6    3    3    6    3    6    5    250000         0    175000
1  15         21484      235000    6    3    6    0    5    2    6    5    4    0    0    1    3    0    6    6    3    5    3    3    4    3    3    5    3    6    6     40000     85000    275000
1  16         21354      165000    6    3    4    4    4    5    6    1    5    0    0    5    1    0    6    2    3    5    3    0    5    6    1    6    3    3    4    250000         0    150000
1  17         21497      115000    4    2    0    5    6    2    5    3    6    6    0    1    6    0    6    3    3    4    3    3    5    4    3    5    3    3    6    150000     10000    250000
1  18         21747      582750    4    4    6    0    5    5    4    2    5    0    0    6    5    3    1    5    3    2    4    3    6    3    3    6    3    3    4     93750     62500    275000
1  19         21072      142000    5    0    5    5    3    4    2    2    4    0    0    6    3    0    6    2    3    1    3    3    6    3    3    5    6    3    6    111000     38000    250000