
1  0         45002      117164    2    0    0    0    0    3    0    1    2    1    1    0    1    1    0    2    0    1    1    1    0    2    0    1    0    1    2    2    0    1    1    0    3    1    1    1    3    0    0    2    1    0    1    1    1    1    2    0    0    2    1    1    1    1    3    0    0    2    0    2    0    3    0    2    0    2    0    1    3    0    2    4    4    0    6    3    3    2    3    3    2    0    6    1    1    6    2    3    5    1     28400     35022     19866
1  1         80283      114158    2    0    0    0    0    2    0    2    1    1    0    1    0    0    2    0    2    1    0    0    2    0    0    2    1    0    1    2    1    0    1    1    1    2    1    0    2    1    0    1    1    1    2    0    1    1    1    1    1    1    1    3    0    0    1    1    1    3    0    0    0    4    1    1    0    2    2    0    1    2    1    2    6    0    1    2    2    4    0    2    6    1    4    4    4    3    3    1   14    0     32439     17682     32439
1  2         86384      124008    3    0    0    0    0    2    0    2    0    0    1    1    0    2    0    0    1    1    0    1    1    0    1    1    2    0    1    2    1    0    1    0    2    1    0    2    0    0    3    1    2    0    1    1    1    1    2    0    2    0    2    1    2    0    0    0    3    4    1    0    1    1    2    2    1    1    1    0    3    3    1    2    1    5    1    0    4    3    1    5    1    4    2    3    6    1    5    4    5    1     18000     36800     27599
1  3         71776       80014    2    0    1    0    1    1    1    1    0    1    1    0    1    1    0    1    1    0    0    1    2    3    0    0    3    0    0    0    1    2    0    2    0    0    1    2    1    1    1    2    1    0    1    0    4    1    1    1    2    1    0    0    1    3    0    2    0    1    1    2    0    2    1    0    2    1    1    1    2    1    1    5    2    4    0    0    5    1    4    2    3    3    3    2   10    0    3    1    4    5     23333     43333     16666
1  4         24018       85000    2    0    0    0    5    0    1    0    1    1    0    1    2    0    0    1    0    1    2    0    0    0    0    2    1    0    1    0    0    2    0    0    2    0    0    2    1    1    1    1    2    1    1    1    1    1    2    1    0    1    2    0    1    2    1    2    1    1    2    1    3    0    0    3    0    0    0    2    2    3    1    1    2    4    3    0    3    5    5    2    1    4    5    1    1    5    5    5    3    2     33000     12000     38500
1  5         77049       99500    2    0    0    0    0    2    2    0    0    0    2    1    1    2    0    0    0    2    1    2    0    1    2    0    0    0    2    1    1    1    0    1    2    0    1    2    0    1    2    0    1    2    1    1    1    2    1    0    3    0    0    0    0    3    0    0    3    1    2    1    2    0    1    2    0    1    0    2    2    3    1    1    2    9    0    2    2    4    6    2    0    6    0    1    0    8    4    4    1    4     33000     18500     31750
1  6         50821      120750    2    0    0    0    0    3    0    1    2    1    1    0    1    0    2    0    1    2    0    0    4    1    1    0    0    2    0    0    1    3    0    0    4    0    1    3    0    2    1    2    1    0    0    2    1    0    2    1    1    1    1    2    1    0    2    0    2    2    1    0    2    1    0    0    2    2    1    2    0    3    1    1    3    4    0    3    4    0    4    1    4    2    5    0    7    0    3    3    4    3     31500     33875     18000
1  7         31076       74202    1    2    0    0    0    2    1    2    0    1    0    1    1    2    0    0    1    2    1    2    0    1    0    1    1    0    1    2    0    0    2    0    0    1    1    1    1    1    1    2    1    0    0    0    3    2    1    0    1    2    1    1    1    1    1    1    1    1    0    2    1    0    2    1    0    2    1    0    2    2    3    1    2    2    4    3    4    2    2    2    4    2    9    1    5    4    1    2    1    6     39090     13454     30727
1  8         39859      433752    1    0    4    0    1    1    0    1    2    0    1    2    0    1    2    0    1    2    0    1    2    0    1    2    3    0    0    1    1    0    1    1    0    0    2    0    1    1    1    1    1    2    1    1    2    1    1    2    1    1    2    4    0    0    4    0    0    0    2    0    4    0    1    2    1    0    0    2    0    1    2    2    5    2    1    5    2    1    4    2    4    0    4    2    2    4    3    0    5    2     22812     52500      8750
1  9         65887      759984   26    0    1    6    0    1    2    3    0    2    0    1    3    0    1    0    0    1    2    0    1    0    0    1    0    3    0    0    1    1    0    0    2    0    3    0    0    0    2    0    1    1    0    1    1    0    1    1    0    1    1    0    0    2    0    0    2    0    1    1    0    0    2    0    0    2    0    1    1    0    0    3    0    6    1    0    4    2    0    0    4    1    6    1    0    4    3    0    6    2         0     27000     62999
1  10         28744       88572    2    0    0    0    0    4    0    2    0    2    0    0    0    1    2    1    1    0    0    2    0    1    1    0    0    2    0    1    1    1    1    1    1    2    0    1    0    2    1    0    2    1    0    1    4    1    1    1    1    1    1    1    1    1    0    2    1    0    2    2    2    1    0    1    1    2    2    0    2    3    1    1    1    4    4    3    3    2    3    3    2    3    2    4    4    3    3    7    1    1     32857     35000     15000
1  11         23057       76500    1    1    0    0    0    3    1    2    0    1    2    0    1    2    0    1    2    0    1    2    0    0    8    0    1    2    0    1    0    1    1    1    1    1    0    1    1    0    1    0    0    4    0    0    4    0    0    4    1    2    1    1    2    1    1    2    1    1    0    2    1    0    2    2    0    0    2    0    0    3    0    0    3    1    3    3    3    2    3    3    2    4    2    0    4    3    2    2    2    7     52500      8750     22000
1  12         31218       88000    0    2    1    0    4    0    0    0    2    1    0    1    2    0    0    1    0    1    2    0    0    1    0    1    0    0    2    1    1    1    0    1    2    0    1    2    1    1    1    1    1    1    0    1    2    1    1    1    1    1    1    1    1    1    3    0    0    0    2    2    1    2    1    1    2    1    0    2    2    0    3    3    4    2    2    2    4    3    4    2    2    4    2    2    5    3    2    5    3    2     33000     15000     35000
1  13         63699      108000    2    0    0    0    0    4    0    1    2    2    0    1    0    1    2    0    1    2    0    1    2    0    1    2    1    1    0    0    2    0    1    1    1    3    0    0    1    1    1    0    2    0    0    2    0    0    2    0    1    1    1    3    0    1    0    2    0    2    1    0    2    1    0    1    2    0    4    0    0    2    1    4    3    3    2    6    1    2    7    1    0    0    4    4    0    5    5    1    4    6     27000     41500     14500
1  14         66364       92000    2    0    0    0    0    4    1    1    0    2    0    1    1    1    0    1    1    0    2    0    1    0    2    0    1    1    0    0    2    0    0    2    0    1    1    1    0    1    3    0    2    1    2    0    2    1    0    4    1    1    1    2    1    0    2    0    2    2    1    0    1    1    2    0    2    1    0    2    2    1    2    3    2    4    1    5    1    3    4    2    2    4    2    2    1    4    6    3    5    0     30000     38500     15000
1  15         46128      460000    5    0    0    1    0    1    0    3    0    2    0    1    2    0    1    0    0    2    2    0    1    2    0    1    1    2    0    1    1    1    1    1    1    1    1    1    1    1    1    1    1    1    0    0    2    0    0    2    1    1    1    2    1    1    0    0    2    0    2    1    1    0    2    0    4    0    0    2    1    0    4    1    1    3    3    3    2    3    0    5    2    6    1    3    5    3    3    3    4    3     12500     27500     45000
1  16         89086      102526    1    1    0    0    0    4    1    1    0    0    2    0    1    1    0    1    1    0    1    1    0    1    1    0    1    1    0    2    0    1    0    2    1    2    0    1    2    0    1    0    2    1    0    2    2    1    1    1    0    2    1    2    0    1    1    1    1    3    0    0    0    2    2    0    2    2    0    2    2    3    1    1    0    4    6    2    3    4    2    3    4    5    1    2    5    2    3    5    3    1     32874     33125     16249
1  17         71182      101904    2    0    0    0    0    2    2    0    0    0    0    2    2    0    0    1    0    1    0    2    1    0    2    1    0    0    2    2    1    0    1    1    1    1    1    1    1    1    1    2    1    0    0    0    3    2    1    0    1    0    2    0    3    1    0    3    1    0    2    2    1    0    2    1    2    1    0    0    3    2    1    2    3    4    2    1   11    0    4    2    2    1    2    5    6    1    2    6    1    2     32931     17915     32247
1  18         24161       66120    1    0    1    0    0    5    1    1    0    1    0    2    1    0    2    1    0    2    0    3    0    1    0    2    1    0    2    1    1    1    0    3    0    1    1    1    0    3    0    2    0    0    2    0    0    2    0    0    2    0    0    1    1    1    2    0    0    2    0    1    0    4    0    2    0    1    1    1    2    2    1    3    0    9    0    3    2    3    2    4    3    3    2    3    3    4    3    4    2    4     45000     25555     12500
1  19         63718      121000    2    0    0    0    0    2    2    0    0    1    0    1    2    0    0    0    2    1    1    0    1    1    0    1    2    0    0    1    2    0    2    1    0    0    4    0    0    1    2    2    0    1    1    0    2    2    1    0    1    0    2    2    1    0    1    0    2    0    2    2    1    3    0    2    0    1    2    0    1    4    1    0    1    4    4    2    6    2    1    7    2    2    7    1    2    0    7    2    0    7     33000     19500     30500