
2  0         28167       10628    0    5    5    1    5    2    6    6    5    2    5    5    3    6    5    3    6    5    4    6    5    4    6    5    5    6    5    250000    141667     15625
2  1         27100        6306    6    4    5    2    3    6    5    3    5    5    0    5    5    2    5    5    4    5    5    1    6    5    6    6    5    6    6      8696    250000    147826
2  2         27687       13335    1    0    6    2    1    6    3    2    6    4    3    5    5    3    5    6    4    6    0    4    6    6    5    6    6    5    6     16662    241669    150002
2  3         27738       10265    6    0    6    2    1    6    2    2    6    1    3    5    4    3    5    6    4    6    6    4    6    6    5    6    6    5    6      6315    247370    152632
2  4         27676        5003    0    6    2    1    6    4    2    6    2    3    5    1    3    5    3    4    6    6    4    6    6    5    6    6    5    6    6    246667    153333      6667
2  5         27067        6540    0    0    5    1    2    6    2    3    6    3    4    5    3    2    6    4    1    6    4    6    6    5    6    6    5    6    6    246155      7690    153847
2  6         27608        5001    5    2    5    2    3    5    5    3    5    5    1    5    5    0    5    5    4    6    1    4    6    5    6    6    5    6    6      7143    250000    150000
2  7         27399        6540    2    0    6    3    1    6    1    2    6    4    3    5    0    3    5    6    4    6    6    4    6    2    5    6    6    5    6      7690    246155    153847
2  8         27298        9287    0    5    6    1    5    4    2    5    6    3    5    4    3    5    2    4    6    0    4    6    1    2    6    3    5    6    3     14286    157143    235714
2  9         27168       10628    2    1    5    5    0    5    5    2    5    5    3    6    5    3    6    5    4    6    5    4    6    5    5    6    5    6    6     15625    250000    141667
2  10         27806        9287    1    0    2    0    1    5    3    2    6    3    3    6    4    3    6    4    4    6    5    4    6    5    5    6    5    5    6    147143    102857    157143
2  11         28343        5001    5    5    0    1    5    1    5    5    2    5    5    3    5    5    3    2    6    4    5    6    4    5    6    6    5    6    6      7143    150000    250000
2  12         27309       11250    6    0    0    6    1    1    5    1    2    6    3    3    5    3    3    6    4    4    6    2    4    6    4    5    6    6    5    156250      6250    243750
2  13         28015        5001    6    0    5    6    1    6    2    2    6    6    3    6    6    3    5    6    4    6    6    4    6    6    5    6    1    5    6      7143    250000    150000
2  14         27907       10265    6    0    6    6    1    5    1    2    6    2    3    6    4    3    5    2    4    6    6    4    6    6    5    6    6    5    6      6315    247370    152632
2  15         27694       11250    6    5    6    6    1    6    3    2    6    5    3    5    4    3    5    1    4    6    2    4    6    6    0    6    6    5    6     12500    243750    150000
2  16         28026        5001    1    5    0    2    5    1    6    6    2    6    6    3    6    6    3    6    6    4    6    6    4    6    6    5    6    6    5      7143    150000    250000
2  17         27817       11250    6    6    0    6    2    1    5    1    2    5    5    3    6    6    3    6    3    4    6    4    4    6    6    5    6    6    5    150000     12500    243750
2  18         28015       11250    6    6    0    1    6    1    3    6    2    2    4    3    4    0    3    5    3    4    6    5    4    6    5    5    6    5    5    162500    150000     93750
2  19         27331        5001    6    0    5    2    1    5    6    2    6    6    3    6    6    3    6    6    4    6    6    4    6    6    5    6    1    5    6      7143    250000    150000