
1  0         91015       91340    0    1    0    0    1    0    0    1    0    1    1    0    1    1    0    0    1    1    0    1    0    0    1    1    0    1    0    1    1    0    1    1    0    1    1    0    1    1    0    2    1    0    2    1    0    2    1    0    2    1    0    2    1    0    2    1    0    3    1    0    3    1    0    3    1    0    3    1    0    2    2    0    1    3    2    0    3    6    1    3    4    1    3    3    5    3    3    2    2   22     11787     65213      5727
1  1         90841      104000    0    0    1    0    0    1    0    0    1    1    0    1    0    0    1    0    1    1    0    1    1    0    0    1    0    1    1    1    1    1    1    1    1    1    1    1    1    1    1    2    1    1    1    2    1    1    1    1    1    1    1    1    1    1    1    2    1    1    3    1    2    1    1    2    1    1    2    2    1    1    1    2    3    0    3    2    2    3    7    4    2    5    7    2    1    0    4    4    6    3     10500      6500     66000
1  2         90151       86120    1    0    0    1    0    0    1    0    1    1    0    1    1    0    1    1    0    0    1    0    0    1    1    0    1    0    1    1    0    1    1    0    1    1    0    1    1    0    1    1    0    2    1    0    2    1    0    2    1    1    1    1    0    2    1    0    2    1    1    2    1    0    3    1    0    3    1    0    3    2    0    2    3    4    1    3    2    2    2    7    4    3    6    0    4    2    1    2   18    2     63000      7056     13500
1  3         90235      121540    0    0    1    0    1    1    1    0    1    0    1    1    1    0    1    0    1    1    1    0    1    0    1    1    0    1    1    1    1    1    1    1    1    1    1    1    1    1    1    1    1    1    1    1    1    1    1    1    1    1    1    1    1    1    1    2    1    2    1    1    1    3    1    2    2    1    1    3    1    2    0    2    2    4    3    2    3    3    2    3    3    2    2    3    2    2    4   11    3    1     18076      8081     56921
1  4         93297       58750    0    0    1    0    0    1    0    0    1    1    0    1    0    0    1    0    0    1    1    0    1    1    0    1    1    0    1    0    1    1    0    1    1    0    1    1    0    1    1    0    2    1    0    2    1    0    2    1    0    2    1    0    2    1    0    2    1    1    2    1    0    3    1    0    3    1    0    3    1    0    2    2    4    1    3    1    2    3    4    1    3    4    1    3    4    5    3   20    3    2      5625     12500     65000
1  5         90471      105718    0    0    1    0    0    1    1    0    1    0    1    1    1    0    1    1    0    1    1    0    1    1    0    1    0    1    1    0    1    1    0    1    1    0    1    1    0    1    1    0    2    1    0    2    1    1    2    1    0    2    1    0    2    1    0    2    1    0    3    1    0    3    1    1    2    1    0    2    1    0    2    2    7    1    3    1    2    3    2    2    3    3    1    3    3    0    4   19    6    1      7143     13571     62858
1  6         91609       54288    0    1    0    0    1    0    0    1    1    0    1    1    0    1    1    0    1    1    0    1    1    0    1    1    0    1    1    1    1    0    1    1    0    1    1    1    1    1    1    2    1    0    1    1    2    2    1    0    2    1    0    1    1    1    1    1    2    2    1    2    2    1    1    2    1    2    2    1    1    2    2    0    3    3    1    4    2    7    3    3    0    2    3    2    4    3    5    3    3    7     13572     62856      7144
1  7         90074       79750    1    0    0    1    0    0    1    0    1    1    0    1    1    0    1    1    0    1    1    0    1    1    0    1    1    0    1    1    0    1    1    0    1    1    0    1    1    0    1    1    0    2    1    0    2    1    0    2    1    0    2    1    0    2    1    0    2    1    0    3    1    1    2    1    1    2    1    1    2    2    0    2    3    3    2    3    3    2    3    4    1    3    3    2    4    6    0    1   20    1     54417     10389     17791
1  8         90010      104002    0    0    1    0    0    1    0    0    1    0    0    1    0    0    1    0    0    1    0    0    1    0    0    1    0    0    1    1    1    1    1    1    1    1    1    1    1    1    1    2    1    1    1    1    1    1    2    1    1    3    1    1    2    1    1    2    1    2    1    1    2    2    1    2    1    1    2    3    1    1    2    2    2    4    3    6    4    2    6    3    2    2    3    3    1    2    4    5    2    3     16000       667     66000
1  9         90878       61112    0    1    0    0    1    0    0    1    2    0    1    1    0    1    2    0    1    1    0    1    1    0    1    1    0    1    1    1    1    1    1    1    1    1    1    1    1    1    0    1    1    2    2    1    0    1    1    2    1    1    1    1    1    2    1    1    2    2    1    1    2    1    1    2    1    1    2    1    1    1    2    2    2    3    2    2    3    3    2    3    2    6    2    2    5    3    3    5    3    3     15556     62220      6112
1  10         90140       60500    0    1    0    0    1    0    0    1    0    0    1    0    0    1    0    1    1    0    0    1    0    0    1    0    1    1    0    0    1    1    0    1    1    1    1    1    0    1    1    0    1    2    0    1    2    0    1    2    0    1    2    0    1    2    0    1    2    0    1    3    0    1    3    0    1    3    0    1    3    1    2    1    3    3    1    4    3    1    6    3    0    5    2    6    4    3    5   16    3    0      5125     66000     12000
1  11         90259      104000    0    0    1    0    0    1    0    1    1    0    0    1    0    0    1    0    0    1    0    0    1    0    1    1    0    1    1    1    1    1    1    1    1    1    1    1    1    1    1    1    1    1    1    1    1    2    0    1    1    2    1    1    1    1    1    1    1    2    2    1    2    2    1    2    2    1    2    2    1    1    1    2    2    1    3    2    3    3    6    6    2    7    4    2    1    1    4    4    5    3     12000      5000     66000
1  12         90978      116576    0    0    1    0    0    1    0    0    1    0    0    1    0    1    1    0    1    1    0    0    1    0    0    1    0    0    1    0    1    1    0    1    1    0    1    1    0    1    1    0    2    1    0    2    1    0    2    1    0    2    1    1    1    1    0    2    1    0    3    1    0    3    1    0    3    1    0    3    1    0    2    2    3    2    3    3    1    3    8    4    2    3    1    3    3    2    4   21    1    2      6548     11500     65500
1  13         90315      120000    1    1    0    1    1    0    1    1    0    1    0    1    1    1    0    1    1    0    1    1    0    1    1    0    1    0    1    1    1    1    1    1    1    1    1    1    1    1    1    1    2    1    1    1    1    1    1    1    1    0    2    1    1    1    1    1    1    1    1    2    1    1    2    1    1    2    1    1    2    2    2    2    2    3    4    3    3    2    3    3    2    3    3    2    4    3    2    2    4    7     51250     13750     17500
1  14         90637      124000    0    1    1    0    1    1    0    1    1    1    0    1    1    0    1    0    1    1    0    1    1    1    0    1    0    1    1    1    1    1    1    1    1    1    0    1    1    1    1    1    1    1    1    2    1    2    0    1    2    0    1    1    2    1    1    1    1    2    1    1    2    1    1    2    1    1    2    1    1    2    1    2    1    5    3    2    2    3    3    2    3    2    1    3    2    2    4    7   10    1     18000     10000     54000
1  15         90396      105092    1    1    0    1    1    0    1    1    0    1    1    0    1    1    0    1    1    0    1    1    0    1    1    0    1    0    1    1    1    1    1    1    1    1    1    1    1    1    1    1    1    1    1    1    2    1    1    1    1    1    1    1    1    1    1    2    0    1    2    1    1    1    2    1    1    2    1    1    2    2    1    2    3    2    3    3    3    2    3    3    2    3    2    3    3    4    4    2    3    8     48910     17089     16364
1  16         90222      124112    1    0    0    1    0    0    1    0    0    1    0    1    1    0    1    1    1    0    1    0    0    1    0    1    1    0    0    1    1    1    1    1    1    1    1    1    1    1    1    1    1    1    1    1    1    1    1    1    1    2    1    1    2    1    1    2    1    1    2    1    1    4    1    1    3    1    1    2    2    2    1    1    3    3    2    3    2    1    3    3    1    3    2    2    3    2    6    2    4   11     65889      6500     11111
1  17         90872      116572    0    1    1    0    1    1    0    1    1    0    1    1    0    1    1    0    1    1    0    1    1    0    1    1    0    1    1    1    1    1    1    1    1    1    1    1    1    1    1    1    1    1    1    1    1    1    1    2    1    1    2    1    1    1    1    1    1    2    1    1    3    1    0    2    1    1    2    1    1    3    2    0    2    3    3    3    2    5    2    3    3    4    3    0    5    3    3    4    3    4     16572     50284     15715
1  18         90095      104124    1    0    0    1    0    0    1    0    0    1    1    0    1    0    0    1    0    1    1    1    0    1    0    0    1    0    1    1    0    1    1    0    1    1    0    1    1    0    1    1    0    2    1    0    2    1    0    2    1    0    2    1    0    2    1    0    2    1    0    2    1    0    3    1    0    3    1    0    3    2    0    2    3    5    1    3    7    0    3    4    1    3    4    1    3    3    4    2   17    4     64000      5882     13000
1  19         90899       92000    0    0    1    0    0    1    1    0    1    1    0    1    1    0    1    1    0    1    1    0    1    1    0    1    1    0    1    1    1    1    1    1    1    1    1    1    1    1    1    2    1    1    2    1    1    2    1    1    1    1    1    2    1    1    1    1    1    0    3    1    1    2    1    1    2    1    1    2    1    2    1    2    2    6    2    3    2    3    2    6    2    3    2    3    3    2    4    3    4    3      7000     16000     60000