
2  0         27189        5001    0    5    5    1    5    5    6    5    1    3    5    2    3    5    5    4    6    5    4    6    5    6    6    5    2    6    5    250000    150000      7143
2  1         28046        5001    0    3    1    1    3    2    2    3    3    4    5    3    4    5    3    5    6    3    5    6    3    6    6    3    6    6    3    250000    150000      7143
2  2         27096       15002    0    1    5    2    1    6    6    5    6    3    5    5    3    5    5    4    6    6    4    6    5    5    6    5    6    6    5    250000    129999     26667
2  3         27106        5001    0    5    5    1    5    2    2    5    5    3    5    1    3    5    5    4    6    5    4    6    5    6    6    5    6    6    5    250000    150000      7143
2  4         27857        5001    0    5    5    6    5    2    6    5    1    3    5    5    3    5    5    4    6    5    4    6    5    1    6    5    2    6    5    250000    150000      7143
2  5         27125        5001    6    5    2    6    5    5    0    5    5    3    5    5    3    5    1    4    6    5    4    6    5    2    6    5    1    6    5    250000    150000      7143
2  6         27924        5001    0    5    2    1    5    1    2    5    5    3    5    5    3    5    5    4    6    5    4    6    5    6    6    5    6    6    5    250000    150000      7143
2  7         27407        5001    0    5    5    6    5    1    6    5    5    3    5    5    3    5    5    4    6    5    4    6    2    2    6    5    1    6    5    250000    150000      7143
2  8         28181        5001    6    5    1    1    5    2    6    5    5    3    5    5    3    5    5    4    6    5    4    6    5    2    6    5    0    6    5    250000    150000      7143
2  9         27013        5001    0    5    5    1    5    5    6    5    2    3    5    1    3    5    5    4    6    5    4    6    5    2    6    5    6    6    5    250000    150000      7143
2  10         27132        5003    0    2    6    1    2    5    6    5    6    3    5    6    3    5    5    4    6    5    4    6    5    5    6    5    6    6    5    250000    130000     26667
2  11         28240        5003    0    2    6    6    2    6    6    5    6    3    5    5    3    5    5    4    6    5    4    6    5    5    6    5    1    6    5    250000    130000     26667
2  12         28073        5001    0    5    5    2    6    5    6    5    2    3    5    5    3    5    5    4    5    5    4    6    5    1    6    1    6    6    5    250000    150000      7143
2  13         27229        5001    0    5    2    2    6    1    6    5    5    3    5    5    3    5    5    4    5    5    4    6    5    1    6    5    6    6    5    250000    150000      7143
2  14         27374        5001    0    5    2    1    5    1    6    5    5    3    5    5    3    5    5    4    6    5    4    6    5    2    6    5    6    6    5    250000    150000      7143
2  15         28311        5001    0    5    1    6    5    5    6    5    2    3    5    5    3    5    5    4    6    5    4    6    5    2    6    5    1    6    5    250000    150000      7143
2  16         27592        5001    0    5    1    6    5    2    6    5    5    3    5    5    3    5    5    4    6    5    4    6    5    2    6    5    1    6    5    250000    150000      7143
2  17         27125        5001    6    6    1    0    5    5    6    5    5    3    5    5    3    5    5    4    5    2    4    6    5    2    6    5    1    6    5    250000    150000      7143
2  18         28464        5001    0    6    2    1    5    5    2    5    5    3    5    5    3    5    5    4    5    1    4    6    5    6    6    5    6    6    5    250000    150000      7143
2  19         27699        5001    0    6    2    6    5    1    6    5    5    3    5    5    3    5    5    4    6    5    4    6    5    2    6    5    1    5    5    250000    150000      7143