
2  0        124453     1566200   11    0    4   12    1    5   13    2   10   14    3   23   15    4   24   16    5   32   17    6   33   18    6   34   19    7   35   20    7   42   21    8   43   22    8   43   23    9   43   24    9   44   25   10   44   26   10   44   27   25   44   28   26   45   29   27   45   30   28   45   31   29   45   32   30   46   33   31   46   34   32   46   35   33   46   36   34   47   37   35   47   38   36   47   39   36   48   40   37   48   41   37   48   42   38   49   43   38   49   44   39   49   45   39   49   46   40   49   47   40   49   47   41   49   48   41   49   48   42   49    151200     54000     40500
2  1        120352     1463800   11    0    4   12    1    5   13    2   10   14    3   32   15    4   33   16    5   34   17    6   35   18    6   42   19    7   42   20    7   43   21    8   43   22    8   43   23    9   43   24    9   44   25   10   44   26   10   44   27   25   45   28   26   45   29   27   45   30   28   45   31   29   46   32   30   46   33   31   46   34   32   47   35   33   47   36   34   47   37   35   47   38   36   48   39   36   48   40   37   49   41   37   49   42   38   49   43   38   49   44   39   49   45   39   49   46   40   49   47   40   49   47   41   49   48   41   49   48   42   49    153000     54000     34500
2  2        121635     1566200   11    0    4   12    1    5   13    2   10   14    3   23   15    4   24   16    5   32   17    6   33   18    6   34   19    7   35   20    7   42   21    8   43   22    8   43   23    9   43   24    9   44   25   10   44   26   10   44   27   25   44   28   26   45   29   27   45   30   28   45   31   29   45   32   30   46   33   31   46   34   32   46   35   33   46   36   34   47   37   35   47   38   36   47   39   36   48   40   37   48   41   37   48   42   38   49   43   38   49   44   39   49   45   39   49   46   40   49   47   40   49   47   41   49   48   41   49   48   42   49    151200     54000     40500
2  3        128137      488200   11    0    4   12    1    5   13    2   10   14    3   32   15    4   33   16    5   34   17    6   35   18    6   42   19    7   43   20    7   43   21    8   43   22    8   43   23    9   44   24    9   44   25   10   44   26   10   45   27   25   45   28   26   45   29   27   46   30   28   46   31   29   46   32   30   47   33   31   47   34   32   48   35   33   48   36   34   49   37   35   49   38   36   49   39   36   49   40   37   49   41   37   49   42   38   49   43   38   49   44   39   49   45   39   49   46   40   49   47   40   49   47   41   49   48   41   49   48   42   49    153900     54000     29700
2  4        122139     1566200   11    0    4   12    1    5   13    2   10   14    3   23   15    4   24   16    5   32   17    6   33   18    6   34   19    7   35   20    7   42   21    8   43   22    8   43   23    9   43   24    9   44   25   10   44   26   10   44   27   25   44   28   26   45   29   27   45   30   28   45   31   29   45   32   30   46   33   31   46   34   32   46   35   33   46   36   34   47   37   35   47   38   36   47   39   36   48   40   37   48   41   37   48   42   38   49   43   38   49   44   39   49   45   39   49   46   40   49   47   40   49   47   41   49   48   41   49   48   42   49    151200     54000     40500
2  5        121889     1725668   10    0    5   11    1   24   12    2   23   13    3    4   14    4   45   15    5   45   16    6   45   17    6   45   18    7   45   19    7   49   20    8   46   21    8   46   22    9   46   23    9   46   24   25   46   25   26   46   26   27   47   27   28   47   28   29   47   29   30   47   30   31   47   31   32   47   32   32   47   33   49   47   34   33   47   35   34   48   36   49   48   36   35   48   37   35   48   37   43   48   38   43   48   38   43   48   39   43   48   39   43   48   40   44   49   40   44   49   41   44   49   41   44   49   42   44   49   42   45   49    151200     55800     41667
2  6        120550     1438622   11    0    4   12    1    5   13    2   10   14    3   32   15    4   33   16    5   34   17    6   35   18    6   42   19    7   47   20    7   42   21    8   19   22    8   43   23    9   43   24    9   43   25   10   44   26   10   44   27   25   44   28   26   44   29   27   45   30   28   45   31   29   45   32   30   45   33   31   46   34   32   46   35   33   46   36   34   47   37   35   47   38   36   48   39   36   48   40   37   49   41   37   49   42   38   49   43   38   49   44   39   49   45   39   49   46   40   49   47   40   49   47   41   49   48   41   49   48   42   49    153000     54000     33137
2  7        126528     1416468   11    0    4   12    1    5   13    2   10   14    3   10   15    4   33   16    5   34   17    6   35   18    6   40   19    7   42   20    7   43   21    8   43   22    8   43   23    9   44   24    9   44   25   10   44   26   10   45   27   25   45   28   26   45   29   27   45   30   28   46   31   29   46   32   30   46   33   31   46   34   32   47   35   33   47   36   34   47   37   35   48   38   36   48   39   36   49   40   37   49   41   37   49   42   38   49   43   38   49   44   39   49   45   39   49   46   40   49   47   40   49   47   41   49   48   41   49   48   42   49    153000     54000     32334
2  8        127428     1463800   11    0    4   12    1    5   13    2   10   14    3   32   15    4   33   16    5   34   17    6   35   18    6   40   19    7   42   20    7   42   21    8   42   22    8   43   23    9   43   24    9   43   25   10   44   26   10   44   27   25   44   28   26   45   29   27   45   30   28   45   31   29   45   32   30   45   33   31   46   34   32   46   35   33   46   36   34   47   37   35   47   38   36   48   39   36   48   40   37   49   41   37   49   42   38   49   43   38   49   44   39   49   45   39   49   46   40   49   47   40   49   47   41   49   48   41   49   48   42   49    153000     54000     34500
2  9        122178     1406300   11    0    4   12    1    5   13    2   10   14    3   32   15    4   33   16    5   34   17    6   35   18    6   40   19    7   42   20    7   42   21    8   43   22    8   43   23    9   43   24    9   44   25   10   44   26   10   44   27   25   44   28   26   45   29   27   45   30   28   45   31   29   46   32   30   46   33   31   46   34   32   47   35   33   47   36   34   48   37   35   48   38   36   48   39   36   49   40   37   49   41   37   49   42   38   49   43   38   49   44   39   49   45   39   49   46   40   49   47   40   49   47   41   49   48   41   49   48   42   49    153000     54000     33750
2  10        125312      416750   11    0    4   12    1    5   13    2   10   14    3   32   15    4   33   16    5   34   17    6   35   18    6   42   19    7   43   20    7   43   21    8   43   22    8   43   23    9   44   24    9   44   25   10   44   26   10   44   27   25   45   28   26   45   29   27   45   30   28   45   31   29   46   32   30   46   33   31   46   34   32   46   35   33   47   36   34   47   37   35   48   38   36   48   39   36   49   40   37   49   41   37   49   42   38   49   43   38   49   44   39   49   45   39   49   46   40   49   47   40   49   47   41   49   48   41   49   48   42   49    153000     54000     30375
2  11        123260     1951800   11    0    4   12    1    5   13    2   10   14    3   32   15    4   33   16    5    9   17    6   35   18    6   40   19    7   35   20    7   42   21    8   43   22    8   43   23    9   43   24   14   44   25   10   44   26   10   44   27   25   44   28   26   45   29   27   45   30   28   46   31   29   46   32   30   46   33   31   46   34   32   46   35   33   47   36   34   47   37   35   47   38   36   47   39   36   49   40   37   49   41   37   48   42   38   49   43   38   49   44   39   49   45   39   49   46   40   49   47   40   49   47   41   49   48   41   49   48   42   49    153000     54000     45000
2  12        125047     1815200   11    0    4   12    1    5   13    2    0   14    3   32   15    4   33   16    5   34   17    6   35   18    6   40   19    7   42   20    7   43   21    8   38   22    8   43   23    9   44   24    9   44   25   10   44   26   10   44   27   25   45   28   26   45   29   27   45   30   28   46   31   29   46   32   30   46   33   31   47   34   32   47   35   33   47   36   34   48   37   35   48   38   36   48   39   36   49   40   37   49   41   37   49   42   38   49   43   38   49   44   39   49   45   39   49   46   40   49   47   40   49   47   41   49   48   41   49   48   42   49    153000     61650     36000
2  13        124453     1566200   11    0    4   12    1    5   13    2   10   14    3   23   15    4   24   16    5   32   17    6   33   18    6   34   19    7   35   20    7   42   21    8   43   22    8   43   23    9   43   24    9   44   25   10   44   26   10   44   27   25   44   28   26   45   29   27   45   30   28   45   31   29   45   32   30   46   33   31   46   34   32   46   35   33   46   36   34   47   37   35   47   38   36   47   39   36   48   40   37   48   41   37   48   42   38   49   43   38   49   44   39   49   45   39   49   46   40   49   47   40   49   47   41   49   48   41   49   48   42   49    151200     54000     40500
2  14        124633      379700   11    0    4   12    1    5   13    2   10   14    3   32   15    4   33   16    5   34   17    6   35   18    6   36   19   47   23   20    7   42   21    8   43   22    8   43   23    9   43   24    9   44   25   10   44   26   10   44   27   25   45   28   26   45   29   27   45   30   28   46   31   29   46   32   30   46   33   31   45   34   32   24   35   33   47   36   34   48   37   35   48   38   36   48   39    7   49   40   37   49   41   37   49   42   38   49   43   38   49   44   39   49   45   39   49   46   40   49   47   40   49   47   41   49   48   41   49   48   42   49    151200     54000     33750
2  15        124633      412000   11    0    4   12    1    5   13    2   10   14    3   32   15    4   33   16    5   34   17    6   35   18    6   42   19    7   43   20    7   43   21    8   43   22    8   44   23    9   44   24    9   44   25   10   44   26   10   45   27   25   45   28   26   45   29   27   45   30   28   46   31   29   46   32   30   46   33   31   46   34   32   47   35   33   47   36   34   47   37   35   48   38   36   48   39   36   49   40   37   49   41   37   49   42   38   49   43   38   49   44   39   49   45   39   49   46   40   49   47   40   49   47   41   49   48   41   49   48   42   49    153000     54000     31000
2  16        124322     2839800   10    0    5   11    1   22   12    2   23   13    3   24   14    4   45   15    5   45   16    6   45   17    6   45   18    7   45   19    7   46   20    8   46   21    8   46   22    9   46   23    9   46   24   25   46   25   26   46   26   27   47   27   28   47   28   29   47   29   30   47   30   31   47   31   32   47   32   32   47   33   33   47   34   33   47   35   34   48   36   34   48   36   35   48   37   35   48   37   43   48   38   43   48   38   43   48   39   43   48   39   43   48   40   44   49   40   44   49   41   44   49   41   44   49   42   44   49   42   45   49    135000     76500     60750
2  17        125425      376772   11    0    4   12    1    5   13    2   10   14    3   32   15    4   33   16    5   34   17    6   35   18    6   42   19    7   42   20    7   43   21    8   43   22    8   43   23    9   44   24    9   44   25   10   44   26   10   45   27   25   45   28   26   45   29   27   45   30   28   46   31   29   46   32   30   46   33   31   46   34   32   47   35   33   47   36   34   48   37   35   48   38   36   49   39   36   49   40   37   49   41   37   49   42   38   49   43   38   49   44   39   49   45   39   49   46   40   49   47   40   49   47   41   49   48   41   49   48   42   49    153000     54000     31154
2  18        120262     1463800   11    0    4   12    1    5   13    2   10   14    3   32   15    4   33   16    5   34   17    6   35   18    6   42   19    7   42   20    7   43   21    8   43   22    8   43   23    9   43   24    9   44   25   10   44   26   10   14   27   25   44   28   26   45   29   27   45   30   28   45   31   29   46   32   30   46   33   31   46   34   32   46   35   33   46   36   34   47   37   35   47   38   36   48   39   36   48   40   37   49   41   37   49   42   38   49   43   38   49   44   39   49   45   39   49   46   40   49   47   40   49   47   41   49   48   41   49   48   42   49    153000     54000     34500
2  19        121077     1430800   11    0    4   12    1    5   13    2   10   14    3   32   15    4   33   16    5   34   17    6   35   18    6   42   19    7   42   20    7   42   21    8   42   22    8   43   23    9   43   24    9   43   25   10   44   26   10   37   27   25   44   28   26   44   29   27   45   30   28   45   31   29   45   32   30   46   33   31   46   34   32   46   35   33   47   36   34   47   37   35   48   38   36   48   39   36   49   40   37   49   41   37   49   42   38   49   43   38   49   44   39   49   45   39   49   46   40   49   47   40   49   47   41   49   48   41   49   48   42   49    153000     54000     33750