
1  0         96748       60516    0    0    1    0    0    1    0    1    1    0    1    1    0    1    1    1    0    1    1    0    1    0    1    1    0    1    1    1    0    1    1    1    1    1    0    1    1    0    1    2    0    1    2    0    1    2    0    1    2    0    1    2    0    1    1    2    1    3    0    1    2    1    1    3    0    1    2    1    1    2    0    2    3    1    3    5    4    2    1    4    3    1    4    3    2    1    4    1   18    2     14360      7949     61280
1  1         96515       50670    0    1    0    0    1    0    0    1    0    0    1    1    0    1    0    0    1    0    0    1    0    0    1    1    0    1    1    1    1    0    1    1    0    1    1    0    1    1    0    2    1    0    2    1    0    2    1    0    2    1    0    2    1    0    2    1    0    3    1    0    3    1    0    2    1    2    2    1    2    1    2    1    6    2    5    1    3    4    2    3    1    0    3    6    0    4    3    6    2   15     12000     66000      5067
1  2        118770       52974    0    0    1    0    0    1    0    1    1    0    0    1    0    1    1    0    1    1    0    1    1    0    1    1    0    1    1    1    0    1    1    0    1    1    0    1    1    1    1    2    0    1    2    0    1    2    0    1    2    0    1    2    0    1    2    0    1    2    1    1    2    1    1    2    1    1    3    0    1    2    0    2    2    2    3    1    4    3    2    2    3    2    1    3    5    4    3    3   19    2     12973      5946     64054
1  3         92221       53346    0    0    1    0    0    1    0    1    1    0    1    1    0    1    1    0    1    1    1    0    1    0    1    1    0    1    1    1    0    1    1    0    1    1    0    1    1    0    1    2    0    1    2    0    1    2    0    1    2    0    1    2    0    1    2    0    1    3    0    1    3    0    1    2    1    1    3    0    1    2    0    2    2    1    3    2    2    3    2    2    3    0    6    3    4    5    3    2   19    2     13333      6667     63333
1  4        110260       51120    0    1    0    0    1    0    0    1    1    0    1    1    0    1    1    0    1    0    0    1    1    0    1    1    0    1    1    1    1    1    1    1    0    1    1    1    1    1    0    2    1    0    2    1    0    2    1    0    2    1    0    2    1    0    2    1    0    2    1    1    2    1    1    3    1    0    2    1    2    2    2    0    3    3    0    3    2    9    2    3    2    3    3    0    2    4    1    2    2   18     13500     63000      7055
1  5         99708       75336    0    1    0    0    1    0    0    1    1    0    1    1    0    1    1    0    1    1    1    1    0    0    1    1    1    1    0    1    1    0    1    1    0    1    1    0    1    1    1    2    1    0    2    1    0    2    1    0    2    1    0    2    1    0    2    1    0    2    1    1    3    1    0    2    1    0    3    1    0    2    2    0    2    3    2    0    3    7    2    3    3    0    3    6    2    4    1    6    1   16     14832     60336      8167
1  6        106642       53344    0    1    0    0    1    0    0    1    1    0    1    1    0    1    1    0    1    1    0    1    1    0    1    0    1    1    0    1    1    0    1    1    1    1    1    0    1    1    0    2    1    0    2    1    0    2    1    0    2    1    0    2    1    0    2    1    0    2    1    1    2    1    1    3    1    0    2    1    1    2    2    0    2    3    2    3    3    0    3    2   10    3    3    0    1    4    2    2    2   19     13333     63334      6666
1  7        113723       49800    0    0    1    0    0    1    0    1    1    0    1    1    0    1    1    1    0    1    0    1    1    0    1    1    1    0    1    1    0    1    1    0    1    1    0    1    1    0    1    2    0    1    2    0    1    2    0    1    2    0    1    2    0    1    2    0    1    2    1    1    2    1    1    2    1    1    3    0    1    2    0    2    2    2    3    3    0    3    2    2    3    1    4    3    0    4    4    5   22    1     13404      6808     63192
1  8        104758       58750    0    0    1    0    0    1    1    0    1    1    0    1    1    0    1    2    0    1    1    0    1    2    0    1    1    0    1    0    1    1    0    1    1    1    1    1    0    1    1    0    2    1    0    2    1    0    2    1    0    2    1    0    2    1    0    2    1    1    2    1    1    2    1    1    2    1    1    2    1    0    2    2    1    3    3    6    4    2    1    3    3    1    3    3    3    1    4   16    2    2      8125     15000     60000
1  9        117877       57178    1    0    0    1    0    0    1    1    0    1    0    1    1    1    0    1    0    1    1    0    1    1    0    1    1    0    1    1    1    0    1    1    0    1    1    0    1    1    0    1    2    0    1    2    0    1    2    0    1    2    0    1    2    0    1    2    0    1    2    1    1    3    0    1    3    0    1    3    0    2    2    0    3    0    5    3    2    2    3    0    6    3    2    2    4    1    2    1    6   19     62857     13571      7142
1  10        101663       42286    1    0    0    1    0    0    1    0    1    1    0    1    1    0    1    1    0    1    1    1    0    1    0    1    1    0    1    1    1    1    1    1    1    1    1    1    1    1    1    1    2    0    1    2    0    1    2    0    1    2    0    1    2    0    1    2    0    1    2    1    1    2    1    1    2    1    1    3    0    2    2    0    3    3    0    3    2    2    3    2    2    3    2    2    4    1    2    1    4   21     62273     13864      7727
1  11        109678       51918    1    0    0    1    0    0    1    1    0    1    1    0    1    1    0    1    0    0    1    0    0    1    1    0    1    0    0    1    0    1    1    0    1    1    0    1    1    0    1    1    0    2    1    0    2    1    0    2    1    0    2    1    0    2    1    0    2    0    2    7    1    0    3    1    2    2    1    0    3    2    1    1    3    4    1    3    4    1    3    4    1    3    1    2    4    3    0    2   17    5     65731      5168     12135
1  12        106285       40014    0    1    0    0    1    0    0    1    1    0    1    1    0    1    1    0    1    1    0    1    1    0    1    1    0    1    1    1    1    0    1    1    0    1    1    1    1    1    0    2    1    0    2    1    0    2    1    0    2    1    0    2    1    0    2    1    0    3    1    0    3    1    0    3    1    0    1    1    3    1    2    1    2    3    2    3    3    0    6    2    3    1    3    4    1    4    2    2    2   19     13334     63333      6667
1  13        102933       56800    1    0    0    1    0    0    1    0    1    1    1    0    1    1    0    1    0    1    1    0    1    1    0    1    1    1    0    1    1    0    1    1    0    1    1    0    1    1    0    1    2    0    1    2    0    1    2    0    1    2    0    1    2    0    1    2    0    1    2    2    1    2    1    1    2    1    1    2    1    2    2    0    3    2    2    2    4    7    3    1    4    3    1    4    4    0    4    2    5   12     62800     13600      7200
1  14        123077       46676    0    1    0    0    1    0    1    1    0    1    1    0    1    1    0    1    1    0    1    1    0    0    1    0    1    1    0    0    1    1    1    1    1    0    1    1    0    1    1    0    1    2    0    1    2    0    1    2    0    1    2    0    1    2    0    1    2    2    1    2    1    1    2    0    1    3    1    1    2    0    2    2   10    2    3    0    3    3    0    3    3    0    3    3    2    4    1   19    2    2      6666     63334     13333
1  15        114392       59200    0    0    1    0    0    1    1    0    1    1    0    1    1    0    1    1    0    1    1    0    1    1    0    1    1    0    1    0    1    1    0    1    1    0    1    1    1    1    1    1    2    1    0    2    1    0    2    1    0    2    1    0    2    1    0    2    1    0    3    1    0    3    1    0    3    1    1    2    1    0    2    2    2    2    3    7    4    2    1    2    3    1    3    3    4    0    4   17    2    2      7600     13000     62400
1  16         98504       63336    0    1    0    0    1    0    1    1    0    0    1    0    0    1    0    1    1    0    0    1    0    1    1    0    0    1    0    0    1    1    0    1    1    0    1    1    0    1    1    0    1    2    0    1    2    0    1    2    0    1    2    2    1    1    0    1    2    0    1    3    0    1    3    0    1    3    0    1    3    0    2    2    6    3    0    4    3    1    6    3    0    6    2    5    1    4    1   14    2    6      5417     65832     12083
1  17         96765       53348    1    0    0    1    0    0    1    0    1    1    0    1    1    1    0    1    0    1    1    0    1    1    0    1    1    0    0    1    1    0    1    1    0    1    1    0    1    1    0    1    2    0    1    2    0    1    2    0    1    2    0    1    2    0    1    2    0    1    3    0    1    2    2    1    2    2    1    2    1    2    2    0    3    1    4    3    3    0    2    4    7    3    3    0    4    1    2    2    2   19     63333     13334      6667
1  18         99123       52688    1    0    0    1    0    0    1    0    1    1    0    1    1    1    0    1    0    1    1    0    1    1    1    0    1    0    1    1    1    0    1    1    1    1    1    1    1    1    1    1    2    0    1    2    0    1    2    0    1    2    0    1    2    0    1    2    0    1    3    0    1    3    0    1    2    1    1    2    1    2    2    0    3    2    2    3    2    2    3    2    2    3    1    3    4    0    4    1    5   19     62195     13902      7805
1  19         92955       60450    1    0    0    1    0    0    1    1    0    1    0    0    1    0    1    1    1    0    1    1    0    1    0    1    1    1    0    1    0    1    1    0    1    1    0    1    1    0    1    1    0    2    1    0    2    1    0    2    1    0    2    1    0    2    1    0    2    1    1    2    1    0    3    1    0    3    1    0    3    2    0    2    3    4    1    2    5    5    3    4    1    3    4    1    4    2    1    2   18    2     63000      7055     13500