
1  0         21142       24094    1    0    0    1    0    0    1    0    0    1    2    0    2    0    0    3    0    1    0    7    8    256363    121818     30909
1  1         21124       27500    1    0    0    0    1    4    1    0    0    2    0    0    0    4    0    3    0    2    2    4    3    250000    125000     32500
1  2         21178       19288    2    0    0    0    1    0    0    1    0    0    2    0    1    1    4    6    0    2    0    4    3    122857    251428     31429
1  3         21142        6879    1    0    0    1    0    0    0    1    8    2    0    0    2    0    0    2    2    1    1    6    0    250000    141667     14792
1  4         21142       19289    1    0    0    0    1    4    1    0    0    2    0    0    2    0    0    2    1    5    1    7    0    250000    121429     35714
1  5         21124       10628    1    0    0    1    0    0    1    0    1    2    0    0    2    0    0    1    3    8    1    6    0    250000    141667     15625
1  6         21124       18129    1    0    0    1    0    0    0    2    1    2    0    0    2    0    0    1    6    0    2    1    8    250000     91667     63542
1  7         21196       15000    1    0    0    0    2    0    0    1    4    2    0    0    2    0    0    0    6    2    4    0    3    250000    122222     33334
1  8         21178       19290    0    0    1    1    0    1    0    0    1    0    0    2    0    0    2    1    2    2    7    7    0      5000    152142    250000
1  9         21124       13000    0    1    2    0    2    0    0    2    0    0    3    2    2    0    1    2    1    4    5    0    0    220000    128000     58000
1  10         21124       15004    1    0    0    1    0    0    1    0    0    2    0    0    2    0    0    1    4    0    1    5    9    250000    137501     18055
1  11         21124       15001    0    2    0    1    0    0    1    0    0    1    2    0    1    2    0    2    1    6    3    2    3    259999    120001     26667
1  12         21196       19168    1    0    0    0    2    0    1    0    0    1    2    0    0    4    0    2    1    6    4    0    3    254166    125000     27778
1  13         21124       40001    1    0    0    0    3    0    0    2    1    2    0    0    2    0    0    3    0    1    1    4    7    250000     85000     72857
1  14         21124       15004    1    0    0    1    0    0    1    0    0    1    3    0    2    0    0    2    1    3    1    5    6    250001     83333     72222
1  15         21160       40001    1    0    0    1    0    0    1    0    0    1    1    3    0    5    0    1    2    6    4    1    0    250000    100000     58333
1  16         21142       25004    1    0    0    0    2    0    1    0    0    2    0    0    2    0    0    1    2    9    2    5    0    250000    120000     34444
1  17         21124       38337    1    0    1    1    0    1    0    1    5    0    3    0    0    3    0    2    2    2    5    0    0    220000    166666     18667
1  18         21124       19289    1    0    0    0    1    4    1    0    0    2    0    0    2    0    0    2    1    5    1    7    0    250000    121429     35714
1  19         21124       18750    1    0    0    0    2    1    1    0    0    1    2    1    2    0    0    2    3    0    2    2    7    250000     98750     57500