
2  0          1243       12145    0    5    1    1    5    6    3    6    1    3    6    2    4    6    6    4    6    2    5    6    2    5    6    2    2    6    6    250000    156071      2500
2  1          6851        5003    0    1    5    3    1    5    3    2    5    4    2    5    4    5    5    5    6    5    5    6    6    6    6    6    6    6    6    250000    128572     28571
2  2         23322       14698    0    4    2    1    4    5    2    4    4    3    6    4    3    6    4    5    6    4    5    6    4    5    6    5    6    6    5    251510    141415     15151
2  3         13852        8750    0    2    2    1    2    5    3    4    5    3    4    5    5    4    5    6    4    5    6    5    5    6    4    5    6    6    5    250000    100000     56250
2  4         19167       11669    1    0    0    2    5    0    3    5    0    3    6    0    4    6    0    4    6    0    5    6    0    5    6    2    6    6    5    250000    141667     15476
2  5         23392       21250    3    0    0    5    1    2    5    1    3    5    1    6    6    2    6    6    4    3    6    4    4    6    4    5    6    4    5    150000     81250    175000
2  6         15467        9287    0    2    2    1    4    2    3    4    6    3    4    6    4    4    6    5    5    6    5    4    6    5    6    6    6    6    6    250000     50000    107143
2  7         22822       15004    4    0    5    4    1    5    4    3    5    4    3    6    4    2    6    4    5    6    5    5    6    6    6    6    6    6    6     83334    250000     72222
2  8          9536       13335    1    0    0    2    3    5    4    3    0    5    3    0    5    3    0    5    6    0    6    6    6    6    4    6    6    4    6    258333    125000     25000
2  9         13409        5001    0    1    6    3    2    1    3    6    6    4    6    1    4    6    1    5    6    2    5    6    2    5    6    2    6    6    5    250000    107143     50000
2  10          3448        5001    0    5    2    1    5    1    2    5    5    3    5    5    3    5    5    4    6    5    4    6    5    6    6    5    6    6    5    250000    150000      7143
2  11         12283        9287    6    0    0    5    2    3    5    2    3    6    2    4    6    1    4    6    1    1    6    3    5    6    4    2    6    4    5    157143      5000    245000
2  12         10052       15000    0    3    5    1    4    3    2    4    3    3    4    5    4    5    5    6    4    5    6    5    5    6    5    5    6    5    6    252000     62000     92000
2  13         14636        9287    5    0    0    5    1    1    5    2    2    5    3    3    5    3    4    6    4    2    6    4    4    6    6    3    6    6    5    157143    235714     14286
2  14         11210       14234    0    2    6    1    5    6    2    5    5    3    5    5    3    5    5    4    5    6    4    5    6    5    5    6    6    6    6    250000     19231    138461
2  15          3582       10386    0    2    2    1    2    3    3    3    3    4    4    3    5    5    6    6    5    4    6    5    4    6    5    4    6    5    6    251923    109615     46154
2  16          9988        5001    0    4    1    1    4    4    2    5    4    3    5    4    3    6    4    5    4    4    5    6    4    6    6    4    6    6    2    250000    150000      7143
2  17         16248        7728    0    2    5    1    2    2    6    2    6    3    2    5    3    5    5    4    5    5    4    6    5    6    6    5    6    6    6    250000     34546    121818
2  18         19449       10457    0    2    2    1    5    2    3    6    6    3    6    6    4    6    5    4    6    5    5    6    5    6    6    5    6    6    5    250000     57576     98485
2  19         23945       14194    2    1    0    3    1    0    4    1    1    5    1    3    5    1    3    5    6    4    6    5    4    6    6    6    6    6    6    257742     26774    121130