
0      1243.00       12145.00
1      6851.00        5003.00
2     23322.00       14698.00
3     13852.00        8750.00
4     19167.00       11669.00
5     23392.00       21250.00
6     15467.00        9287.00
7     22822.00       15004.00
8      9536.00       13335.00
9     13409.00        5001.00
10      3448.00        5001.00
11     12283.00        9287.00
12     10052.00       15000.00
13     14636.00        9287.00
14     11210.00       14234.00
15      3582.00       10386.00
16      9988.00        5001.00
17     16248.00        7728.00
18     19449.00       10457.00
19     23945.00       14194.00