
1  0         90637      671000    1    0    0    1    0    0    1    1    0    1    0    0    1    0    1    1    1    0    1    0    0    0    3    3    1    0    1    2    2    0    1    0    1    1    3    0    1    1    1    0    3    4    1   15    0    1    2    1    2    0    0    0    0    4    1    0    1    1    4    1    2    1    0    1    2    1    2    0    0    1    0    4    3    0    2    4    0    0    2    1    5    2    1    4    3    2    4    3    0    4     63000      3000     21250
1  1         90326     1230982    5    7    6    1    0    1    0    1    2    1    1    0    1    0    1    1    1    1    1    1    0    1    0    2    1    0    1    1    1    1    1    0    2    1    0    2    0    1    3    1    1    0    2    0    1    1    1    0    0    3    0    1    1    1    1    1    0    1    1    1    2    0    0    1    2    0    2    1    1    1    2    1    2    2    4    1    3    3    4    1    0    2    3    3    3    3    3    2    4    2     46499     36999     16500
1  2         90311      568000    0    1    1    1    2    0    4    0    0    0    1    1    2    0    1    1    0    2    0    1    1    1    0    1    1    0    1    1    1    1    1    1    1    2    0    1    1    1    1    3    0    1    2    0    1    1    1    1    0    0    2    1    0    2    1    1    1    1    2    1    2    1    1    2    1    1    1    4    0    1    0    3    4    3    2    0    4    3    2    0    4    4    0    3    2    5    3    0   12    1     17500     19750     48750
1  3         91833      563336    6    0    7    0    1    0    0    1    0    0    1    0    0    1    0    0    1    0    0    1    0    0    1    0    0    1    0    1    1    0    1    1    3    0    1    0    0    1    0    1    1    1    1    1    2    1    1    1    1    1    1    1    1    1    1    1    1    2    1    2    2    1    2    2    1    1    4    1    5    2    2    2    4    3    4    0    3    0    0    3    0    2    3    3    5    3    2    5    3    4     10000     76666         0
1  4         90429     1077528    4    0    0    1    0    1    0    2    1    1    1    0    2    0    0    0    6    6    2    0    0    0    2    2    0    1    2    1    1    0    1    1    1    1    0    2    1    1    1    1    1    0    2    1    1    1    1    0    1    1    3    2    0    0    2    0    0    1    1    2    1    1    1    1    2    0    1    2    0    1    2    1    4    1    1    2    3    2    1    3    4    4    1    1    1    4    6    2    3    4     44461     38384     13769
1  5         91733      662000    1    0    4    0    4    0    0    5    0    0    6    0    1    0    1    0    5    0    1    0    0    1    0    1    1    0    1    1    0    1    1    1    0    1    0    1    1    1    1    1    1    1    1    1    1    1    1    2    1    1    1    1    1    1    1    1    1    1    2    1    2    0    2    2    0    1    2    1    1    2    0    2    2    5    3    3    0    2    3    1    3    3    1    4    4    1    3    3    3    3     70000     14000      2000
1  6         91414      800000    0    2    0    1    1    0    4    0    0    0    1    1    2    1    1    0    2    0    1    1    0    1    1    1    1    0    2    0    1    1    0    1    1    1    0    2    2    1    0    0    1    3    1    1    1    1    0    3    2    1    0    1    1    1    2    1    0    2    0    3    0    2    0    0    2    0    3    1    0    2    2    1    3    2    3    2    4    1    1    3    3    0    3    4    0    0   10    9    6    0     18000     45000     27000
1  7         90727      692000    2    4    0    2    0    1    2    0    1    2    0    1    0    2    0    0    1    1    0    0    3    2    0    1    0    1    1    1    0    2    3    0    0    0    1    2    1    1    1    2    1    0    2    1    0    1    1    1    0    1    2    1    1    1    3    0    1    2    1    1    1    0    3    1    2    0    1    0    3    1    3    0    2    3    3    4    1    3    3    4    1    0    5    2    2    5    2    1    3    5     24000     37000     26000
1  8         90491     1084800    7    0   10    0    1    3    1    1    1    1    1    0    1    0    1    1    0    1    1    0    1    1    1    2    0    1    4    1    1    0    1    0    3    1    1    1    1    1    1    1    1    0    1    1    0    1    1    1    2    0    0    1    1    0    0    2    2    2    1    1    2    0    0    1    1    0    1    1    0    2    1    0    2    3    1    2    3    2    3    2    0    2    3    4    2    5    1    0    8    2     55800     34200      7200
1  9         90027     1059992    1    0    1    0    0    2    0    2    0    1    0    1    2    1    0    2    1    0    2    1    0    0    1    1    2    0    1    0    1    1    1    2    0    0    1    1    1    0    3    2    0    1    1    1    1    0    2    1    0    1    1    1    1    1    0    2    1    1    1    1    0    0    2    8    5    4    3    2    0    1    2    2    1    2    3    2    3    2    3    4    1    2    3    2    3    0    5    2    3    3     16555     33111     47888
1  10         90159      966850    2    0    0    2    0    5    1    1    1    0    5    0    0    1    1    0    1    2    0    1    2    0    2    0    2    0    1    0    2    0    1    1    0    0    1    4    0    1    2    2    1    0    1    1    1    1    1    1    2    1    0    0    2    0    1    1    0    2    1    1    1    1    1    2    1    2    0    2    1    3    1    3    4    1    4    0    4    2    5    1    1    2    3    1    6    1    2    2    3    4     31571     49428     13571
1  11         90086      670000    1    0    1    1    1    1    1    0    2    1    1    0    1    1    0    1    1    0    2    0    0    1    1    0    1    1    0    0    1    3    1    1    1    1    2    1    1    1    1    2    1    0    1    1    1    0    1    3    1    1    2    1    1    1    0    1    3    1    2    1    1    1    1    1    1    1    2    2    0    2    2    1    3    4    0    3    3    1    3    2    5    2    3    3    3    2    5    3    3    4     40000     30000     20000
1  12         90383      647798    0    9    1    1    0    0    1    0    0    1    0    1    1    2    0    1    1    0    1    2    0    1    0    6    1    0    1    1    1    0    1    0    1    1    0    2    1    2    1    1    0    1    1    1    1    1    3    0    1    0    2    1    1    1    1    1    1    1    2    1    1    2    1    1    1    2    1    1    2    2    3    2    3    0    1    3    1    1    3    4    2    3    0    3    3    0    5    3    5    3     71684      5631      9315
1  13         90078       85000    1    0    0    1    0    0    1    0    0    1    0    0    1    0    0    1    0    1    1    0    0    1    0    1    1    0    0    1    1    1    1    1    1    1    1    1    1    1    0    1    2    1    1    1    1    1    1    1    1    1    2    1    1    2    1    2    0    1    1    3    1    2    2    1    2    2    1    2    2    2    1    1    3    2    2    3    2    2    2    6    5    3    2    2    3    5    4    3    5    5     65000     12500      5000
1  14         90234      949000    2    3    5    3    0    0    0    1    1    0    1    1    0    1    0    0    1    1    0    1    1    0    1    0    4    0    0    0    1    0    0    1    1    0    1    1    0    1    1    0    2    2    1    1    2    1    1    1    1    1    1    0    3    2    2    1    1    1    1    0    0    2    3    1    1    1    1    1    1    3    1    1    0    3    3    4    2    2    4    2    1    4    2    2    4    3    4    6    2    3     21500     72000         0
1  15         90152      776400    1    0    3    1    0    0    1    0    1    1    0    1    1    4    0    1    1    1    1    0    1    1    0    1    0    4    1    0    2    4    1    1    0    0    1    5    1    0    1    1    0    2    1    1    2    1    1    1    1    2    1    1    3    1    1    0    3    2    0    0    1    1    3    1    1    1    1    1    1    2    0    2    4    0    0    2    5    1    4    2    0    2    5    4    5    0    0    2    7    1     59600     18000     12400
1  16         90348      865980    0    4    2    1    0    0    0    3    2    1    0    0    1    0    0    1    0    0    1    0    1    1    0    0    1    0    0    1    0    1    3    6   12    0    4    2    1    1    0    1    1    2    1    1    2    1    1    0    1    1    1    2    0    0    1    1    2    1    1    0    1    2    0    1    2    0    1    1    0    1    3    2    3    2    1    3    0    5    2    4    1    3    1    2    3    3    2    4    0    2     70000     20333      1999
1  17         90238      162672    1    0    0    0    9    0    1    0    1    1    0    1    1    0    1    1    0    1    1    0    1    1    0    1    1    0    1    1    0    1    1    1    1    1    0    1    1    0    1    1    1    1    1    1    1    1    2    1    1    1    2    1    1    1    1    1    1    1    3    1    1    2    1    1    3    1    1    2    1    2    0    2    3    1    3    3    0    3    3    1    3    2    8    2    4    0    3    3    5    4     60000      7333     15333
1  18         90227      717994    0    0    7    1    1    0    1    1    0    0    1    2    1    1    0    2    1    0    1    1    0    0    0    3    1    0    2    2    1    0    1    1    1    1    1    1    1    1    1    2    2    0    1    1    1    1    1    1    1    1    2    1    1    1    0    1    3    1    1    1    1    1    1    2    1    0    1    2    0    2    2    1    2    3    3    3    3    1    3    3    2    3    3    1    3    3    3    3    3    4     37999     31000     21000
1  19         90310      540012    1    0    0    0    6    2    1    0    0    1    0    0    1    0    0    1    0    0    1    0    1    1    1    1    1    0    0    1    0    1    1    1    1    1    0    1    1    1    1    1    2    1    1    0    2    1    2    1    1    0    2    1    1    2    2    0    1    1    1    2    1    2    1    1    0    2    1    1    2    1    5    3    3    5    1    3    1    2    3    1    2    3    6    1    3    2    5    3    4    4     65000      4999     15000