
0     74963.00     1761800.00
1    109533.00     1794300.00
2     76110.00     1711800.00
3     32422.00     1869600.00
4    112122.00     1913800.00
5      7393.00     1752914.00
6    144971.00     1747468.00
7     20901.00     1882802.00
8     75187.00     1670800.00
9     15382.00     1909468.00
10     68943.00     1724800.00
11     42583.00     1761052.00
12     42761.00     1950600.00
13     69636.00     1951800.00
14     79529.00     1895802.00
15     53825.00     1894734.00
16     37602.00     1841800.00
17    101482.00     1712800.00
18     18022.00     1755800.00
19     69832.00     1805800.00