
2  0         28161        5001    0    5    2    6    5    1    6    5    5    3    5    5    3    5    5    4    6    5    4    6    5    2    6    5    1    6    5    250000    150000      7143
2  1         27079        5001    0    3    1    1    3    2    2    3    3    4    5    3    4    5    3    5    6    3    5    6    3    6    6    3    6    6    3    250000    150000      7143
2  2         27430        5001    0    5    2    1    5    5    4    5    1    3    5    5    3    5    5    6    6    5    4    6    5    2    6    5    6    6    5    250000    150000      7143
2  3         27198        5001    0    5    2    1    5    1    6    5    5    3    5    5    3    5    5    4    6    5    4    6    5    6    6    5    2    6    5    250000    150000      7143
2  4         27486        5003    0    2    6    1    2    6    6    5    5    3    5    6    3    5    5    4    6    5    4    6    5    5    6    5    6    6    5    250000    130000     26667
2  5         28270        5003    0    5    5    6    2    6    1    2    5    3    5    5    3    5    5    4    6    5    4    6    5    5    6    6    6    6    6    250000    130000     26667
2  6         28781        5001    0    5    5    6    5    1    2    5    5    3    5    2    3    5    5    4    6    5    4    6    5    6    6    5    1    6    5    250000    150000      7143
2  7         27663        5001    6    5    5    1    6    2    2    5    5    3    5    5    3    5    5    4    6    1    4    6    5    0    5    5    6    6    5    250000    150000      7143
2  8         28295        5001    0    5    2    1    5    1    2    5    5    3    5    5    3    5    5    4    6    5    4    6    5    6    6    5    6    6    5    250000    150000      7143
2  9         28336        5001    0    5    5    1    5    2    6    5    1    3    5    5    3    5    5    4    6    5    4    6    5    2    6    5    6    6    5    250000    150000      7143
2  10         27033        5001    0    5    2    1    5    1    6    5    5    3    5    5    3    5    5    4    6    5    4    6    5    6    6    5    2    6    5    250000    150000      7143
2  11         27819        5001    0    5    2    1    5    5    6    5    1    3    5    5    3    5    5    4    6    5    4    6    5    6    6    5    2    6    5    250000    150000      7143
2  12         27315        5001    0    5    5    6    5    2    6    5    1    3    5    5    3    5    5    4    6    5    4    6    5    2    6    5    1    6    5    250000    150000      7143
2  13         27456        5001    0    5    5    1    6    2    2    5    5    3    5    1    3    5    5    4    5    5    4    6    5    6    6    5    6    6    5    250000    150000      7143
2  14         28392        5001    0    5    2    1    5    1    6    5    5    3    5    5    3    5    5    4    6    5    4    6    5    6    6    5    2    6    5    250000    150000      7143
2  15         28978        5001    0    5    2    1    5    5    6    5    5    3    5    1    3    5    5    4    6    5    4    6    5    2    6    5    6    6    5    250000    150000      7143
2  16         27424        5001    0    5    1    1    5    5    6    5    2    3    5    5    3    5    5    4    6    5    4    6    5    6    6    5    2    6    5    250000    150000      7143
2  17         28106        5003    0    2    5    1    2    6    6    5    5    3    5    6    3    5    5    4    6    5    4    6    6    5    6    5    6    6    5    250000    130000     26667
2  18         27830        6055    0    2    6    1    1    6    2    5    6    3    5    6    3    5    5    4    5    5    4    5    5    6    5    5    6    6    5    250000     10525    147370
2  19         28414        5001    0    5    5    1    5    5    6    5    1    3    5    2    3    5    5    4    6    5    4    6    5    2    6    5    6    6    5    250000    150000      7143