
2  0         28501        5001    6    1    0    6    2    1    5    6    2    5    6    3    6    6    3    6    6    4    6    6    4    6    6    5    6    6    5    150000      7143    250000
2  1         27795        5001    2    0    6    1    1    6    6    2    6    6    3    5    6    3    5    6    4    6    6    4    6    6    5    6    6    5    6      7143    250000    150000
2  2         27219        8750    6    6    0    6    5    1    6    6    2    6    6    3    6    5    3    6    6    4    6    6    4    2    6    5    6    6    5      6250    150000    250000
2  3         27399        5001    0    6    1    1    6    2    2    6    6    3    6    6    3    5    6    4    5    6    4    6    6    5    6    6    5    6    6    250000    150000      7143
2  4         27676        8750    2    0    6    6    1    6    6    2    6    6    3    5    6    3    5    6    4    6    6    4    6    6    5    6    6    5    6      6250    250000    150000
2  5         28156       10265    1    6    0    2    6    1    2    6    2    4    5    3    6    5    3    6    6    4    6    6    4    6    6    5    6    6    5      6315    152632    247370
2  6         28043       11250    6    1    0    1    1    2    6    5    3    6    5    3    6    5    4    6    6    4    6    6    5    6    6    5    6    6    6     56250    100000    250000
2  7         27043        8750    6    0    6    6    1    6    2    2    6    6    3    5    6    3    5    6    4    6    6    4    6    6    5    6    6    5    6      6250    250000    150000
2  8         27615        6055    5    0    5    5    2    5    2    3    5    5    3    5    5    4    5    5    4    6    5    1    6    1    6    6    6    6    6     10525    250000    147370
2  9         27597        9287    2    0    6    1    1    6    2    2    6    3    3    5    3    3    5    4    4    6    4    4    6    0    5    6    5    5    6     14286    235714    157143
2  10         27518        5003    6    6    0    6    5    1    3    5    2    6    6    3    4    6    3    1    6    4    2    6    4    2    6    5    6    6    5      6667    153333    246667
2  11         27082       15004    6    0    2    5    1    0    5    2    6    5    3    1    6    3    3    6    4    3    6    4    4    6    5    4    6    5    5    155556     83332    166668
2  12         27997       10457    2    5    0    2    5    1    5    5    3    6    5    3    6    5    4    6    6    4    6    6    5    6    5    5    6    6    6    127273     28788    250000
2  13         28477        5003    1    0    5    2    1    6    2    2    6    3    3    5    4    3    6    6    4    6    6    4    6    6    5    6    6    5    6      6667    246667    153333
2  14         27648        8750    6    0    6    2    1    6    6    2    6    6    3    5    6    3    5    6    4    6    6    4    6    6    5    6    6    5    6      6250    250000    150000
2  15         27608       12145    0    6    6    1    2    6    2    6    6    3    1    5    3    5    5    4    6    6    4    6    6    5    6    6    5    6    6    250000     10000    148571
2  16         27456        5001    0    5    1    1    5    0    2    6    1    3    6    2    3    6    2    4    6    3    4    6    3    5    6    4    5    6    4    242857    157143      7143
2  17         27399       10628    6    5    0    5    2    1    5    5    6    5    5    3    6    5    3    6    5    4    6    5    4    6    5    2    6    5    5    141667     15625    250000
2  18         27925        5001    6    2    0    6    6    1    6    1    2    5    6    3    5    6    3    6    6    4    6    6    4    6    6    5    6    6    5    150000      7143    250000
2  19         27122        5001    6    1    0    5    2    1    6    6    2    6    6    3    5    6    3    6    6    4    6    6    4    6    6    5    6    6    5    150000      7143    250000