
2  0         27064       13184    0    2    2    1    2    6    3    5    5    3    5    5    4    6    5    4    6    5    5    6    5    6    6    5    6    6    5    250000    110606     46970
2  1         27046       27501    0    1    1    3    1    5    3    2    5    4    2    5    4    2    5    6    5    5    6    5    5    6    5    5    6    6    5    250000     86667     67500
2  2         27046       28750    1    0    5    4    0    6    4    2    6    5    2    6    5    3    6    5    3    6    6    3    6    6    3    6    6    6    6    255000    125000     26250
2  3         27172        6879    0    2    2    1    5    5    3    5    2    3    6    2    4    6    2    4    6    2    5    6    2    5    6    2    6    6    2    250000    141667     14792
2  4         27046       28750    0    2    5    1    2    6    4    3    6    5    3    6    5    3    6    5    3    6    6    4    6    6    4    6    6    6    6    255000    125000     26250
2  5         27046       29287    1    0    0    2    4    0    3    4    0    3    6    0    4    6    5    5    6    5    5    6    6    5    6    6    6    6    6    249998    126191     30952
2  6         27190       31667    0    1    1    2    3    6    3    3    1    4    3    5    4    3    5    5    5    5    6    5    5    6    5    6    6    6    6    250000     62500     95833
2  7         27046       35000    1    2    0    3    2    0    3    5    0    4    5    0    4    5    0    5    5    2    6    5    6    6    6    6    6    6    6    250000    110000     50000
2  8         27172       27071    0    2    3    1    2    5    3    3    3    4    4    3    5    4    3    6    5    5    6    5    6    6    5    6    6    5    6    251724    124136     31035
2  9         27046        9287    0    5    2    1    5    2    3    5    2    3    5    2    4    6    2    4    6    2    5    6    2    6    6    5    6    6    5    250000    120000     37143
2  10         27172       33500    1    0    2    3    0    2    3    2    2    4    6    2    4    6    5    5    6    6    5    6    6    5    6    6    6    6    6    250000    118000     35500
2  11         27064       23250    3    0    2    3    0    2    5    1    2    5    1    2    5    2    2    6    4    5    6    4    6    6    4    6    6    4    6    254750    125000     27000
2  12         27154       17632    0    4    5    1    5    4    2    5    4    3    5    4    3    5    4    4    6    4    5    6    6    6    6    6    6    6    6    250001    131579     23684
2  13         27154       16074    0    5    1    2    5    1    3    5    1    3    5    1    4    5    1    4    5    1    6    5    6    6    6    6    6    6    6    250000    114286     42500
2  14         27046       15004    0    3    5    1    3    5    2    3    5    3    5    6    4    6    6    4    6    6    5    6    6    5    6    6    6    6    6    250001     83333     72222
2  15         27046       15004    0    5    6    1    5    6    2    5    6    3    5    6    3    5    6    4    5    6    4    5    6    6    5    6    6    6    6    250000    100000     55556
2  16         27046       13539    2    6    4    0    3    4    1    5    5    4    3    3    3    5    6    6    5    4    5    5    4    6    6    5    6    6    5    256096     90245     60976
2  17         27046       30000    0    1    4    2    1    4    3    4    4    3    5    4    4    5    4    5    5    5    6    5    6    6    6    6    6    6    6    257500    130000     22500
2  18         27154       15000    0    2    2    1    4    2    3    4    2    3    5    2    4    5    5    6    5    5    6    5    6    6    5    6    6    5    6    250000    122222     33334
2  19         27154       12450    1    0    5    2    0    6    3    3    6    4    3    6    5    4    6    5    4    6    5    6    6    6    6    6    6    6    6    257447    121278     27659