
2  0         27475        5001    0    5    5    1    5    1    2    5    5    3    5    5    3    5    5    4    6    2    4    6    5    6    6    5    6    6    5    250000    150000      7143
2  1         27834        5001    0    3    1    1    3    2    2    3    3    4    5    3    4    5    3    5    6    3    5    6    3    6    6    3    6    6    3    250000    150000      7143
2  2         27355        5001    6    5    1    1    5    2    2    5    5    3    5    5    3    5    5    4    6    5    4    6    5    0    6    5    6    6    5    250000    150000      7143
2  3         27840        5001    0    5    2    1    5    1    2    5    5    3    5    5    3    5    5    4    6    5    4    6    5    6    6    5    6    6    5    250000    150000      7143
2  4         27309        5001    0    5    1    1    5    2    2    5    5    3    5    5    3    5    5    4    6    5    4    6    5    6    6    5    6    6    5    250000    150000      7143
2  5         27384        8750    0    6    2    1    5    5    2    5    5    3    5    5    3    5    5    4    6    5    4    5    5    6    6    5    6    6    5    250000    150000      6250
2  6         27597        6055    0    5    6    1    5    1    2    5    5    3    5    5    3    5    5    4    6    5    4    6    2    6    6    5    6    6    5    250000    147370     10525
2  7         27215        5001    0    5    2    1    5    1    2    5    5    3    5    5    3    5    5    4    6    5    4    6    5    6    6    5    6    6    5    250000    150000      7143
2  8         27523        5001    0    5    2    1    5    1    2    5    5    3    5    5    3    5    5    4    6    5    4    6    5    6    6    5    6    6    5    250000    150000      7143
2  9         27215        5001    0    5    1    1    5    5    2    5    5    3    5    2    3    5    5    4    6    5    4    6    5    6    6    5    6    6    5    250000    150000      7143
2  10         28137        6306    0    5    2    1    5    6    2    5    5    3    5    5    3    5    5    4    6    5    4    6    5    6    6    5    6    6    5    250000    147826      8696
2  11         27502        6306    0    5    5    1    5    6    2    5    5    3    5    2    3    5    5    4    6    5    4    6    5    6    6    5    6    6    5    250000    147826      8696
2  12         27932        5001    0    5    1    1    5    2    2    5    5    3    5    5    3    5    5    4    6    5    4    6    5    6    6    5    6    6    5    250000    150000      7143
2  13         27276        5001    0    5    2    1    5    1    2    5    5    3    5    5    3    5    5    4    6    5    4    6    5    6    6    5    6    6    5    250000    150000      7143
2  14         27010        5001    0    5    2    1    5    1    2    5    5    3    5    5    3    5    5    4    6    5    4    6    5    6    6    5    6    6    5    250000    150000      7143
2  15         27117        5001    0    5    1    1    5    2    2    5    5    3    5    5    3    5    5    4    6    5    4    6    5    6    6    5    6    6    5    250000    150000      7143
2  16         27417        6306    0    6    6    2    5    2    1    5    5    3    5    5    3    5    5    4    6    5    4    5    5    6    6    5    6    6    5    250000    147826      8696
2  17         27766        5001    0    5    5    1    5    5    2    5    5    3    5    1    3    5    2    4    6    5    4    6    5    6    6    5    6    6    5    250000    150000      7143
2  18         27798        6306    0    5    6    1    5    2    2    5    5    3    5    5    3    5    5    4    6    5    4    6    5    6    6    5    6    6    5    250000    147826      8696
2  19         27946        5001    0    5    1    1    5    2    2    5    5    3    5    5    3    5    5    4    6    5    4    6    5    6    6    5    6    6    5    250000    150000      7143