
2  0         27208        5001    1    2    5    0    1    5    3    5    5    4    5    5    4    5    5    2    5    6    6    5    6    6    5    6    3    5    6    250000      7143    150000
2  1         27097        9287    6    2    0    6    0    1    6    1    2    5    3    3    5    3    3    6    4    4    6    4    4    6    2    5    6    5    5    157143     14286    235714
2  2         27337       10628    6    0    2    6    1    5    5    2    5    5    3    5    5    3    5    6    4    5    6    4    5    6    6    5    6    5    5    141667    250000     15625
2  3         27025       11250    6    6    0    6    4    1    6    6    2    5    2    3    5    6    3    6    3    4    6    1    4    6    5    5    6    6    5    150000     12500    243750
2  4         27056       11250    1    0    6    2    1    6    3    2    6    4    3    5    5    3    5    6    4    6    6    4    6    6    5    6    6    5    6     12500    243750    150000
2  5         27278       13335    5    0    6    3    1    0    4    2    1    5    3    3    5    3    2    6    4    4    6    4    6    6    5    6    6    5    5    150000     91667    166666
2  6         27252       13335    0    6    1    1    4    2    2    5    4    3    5    5    3    5    0    4    6    6    4    6    6    5    3    3    5    6    6     91667    150000    166666
2  7         27188        5001    3    1    5    6    2    5    1    5    5    3    5    5    4    5    5    0    5    6    4    5    6    6    5    6    2    5    6    250000      7143    150000
2  8         27344       15004    0    6    0    1    5    1    3    6    2    4    5    3    4    5    3    5    6    4    3    6    4    2    6    5    6    6    5    166668    155556     83332
2  9         27454        5001    1    1    5    6    2    5    4    5    5    4    5    5    3    5    5    3    5    6    0    5    6    6    5    6    2    5    6    250000      7143    150000
2  10         27034       10628    4    2    6    1    5    5    2    5    6    3    5    5    0    5    5    4    5    6    6    5    6    3    5    6    5    5    6    250000     15625    141667
2  11         27062       22144    0    2    0    4    6    1    4    6    2    6    6    3    6    1    3    5    5    4    3    6    4    3    6    5    5    5    5    153570    158572     96430
2  12         27333        5001    2    4    5    1    2    5    5    0    5    5    3    5    5    3    5    5    4    6    5    6    6    5    1    6    5    6    6      7143    250000    150000
2  13         27036       15004    0    1    6    1    0    6    2    2    5    3    3    5    3    3    5    4    4    6    4    4    6    5    6    6    5    5    6     83332    166668    155556
2  14         27331       45000    6    5    2    3    0    6    0    0    6    4    0    1    3    4    3    6    6    6    5    3    5    4    6    4    5    5    5     94000     52000    260000
2  15         27340       22145    0    2    6    1    6    0    2    6    1    3    5    3    3    5    3    4    6    4    4    6    4    5    6    5    5    6    5    101426    158571    148574
2  16         27232       10628    6    3    2    6    1    5    5    2    5    5    0    5    5    3    5    6    4    5    6    4    5    6    5    5    6    6    5    141667    250000     15625
2  17         27469        9287    6    3    4    4    1    2    5    2    4    6    6    4    4    5    4    6    6    6    6    3    6    5    0    5    4    5    4    142857    250000     14286
2  18         27111       10628    2    2    6    5    6    6    5    0    5    5    1    5    5    3    5    5    4    6    5    3    6    5    5    6    5    4    6     15625    250000    141667
2  19         27278        5001    2    5    1    0    5    5    4    5    2    4    5    5    3    5    5    6    6    5    3    6    5    6    6    5    1    6    5    250000    150000      7143