
1  0         90136      690000    1    1    1    1    1    0    1    1    0    1    1    1    1    1    1    1    1    1    1    1    1    1    1    1    1    1    1    2    1    1    1    1    1    1    1    1    1    1    0    1    1    1    1    1    2    1    1    1    1    1    1    1    1    1    1    1    1    2    1    1    1    1    2    1    1    1    1    1    2    2    2    1    2    3    3    2    3    3    2    3    3    3    2    2    3    3    3    3    3    4     40000     40000     10000
1  1         90100      703334    1    1    1    0    1    1    1    0    1    1    0    1    1    0    1    1    2    1    0    2    1    1    0    1    0    2    1    1    0    1    1    1    1    1    1    1    0    2    1    2    1    1    2    0    1    1    1    1    2    1    1    1    1    1    1    2    1    1    0    2    1    4    1    1    1    1    1    2    1    1    2    2    2    3    3    3    4    2    2    2    3    5    2    2    3    0    4    4    4    2     26668     13333     49999
1  2         90136      670000    2    1    0    0    1    1    1    0    1    1    0    1    1    0    2    1    1    1    1    0    1    2    0    1    0    0    2    0    0    2    2    0    1    0    2    1    1    3    0    3    0    0    0    3    1    1    1    1    1    0    2    1    1    1    1    2    1    1    2    1    1    1    2    2    4    0    1    1    1    2    1    2    3    1    3    2    3    3    3    5    1    1    4    3    5    2    2    2    3    4     30000     20000     40000
1  3         90136      774000    1    2    0    1    1    1    0    2    1    1    2    0    1    0    1    1    0    1    0    2    2    1    1    0    1    1    0    1    1    1    0    2    1    1    0    4    0    0    4    0    4    0    0    1    4    1    2    0    2    0    0    0    1    4    2    0    0    1    0    3    1    2    0    1    1    1    0    2    3    2    0    3    2    4    4    1    7    2    4    1    2    4    1    0    5    2    0    7    0    0     45000     27000     18000
1  4         90118      784000    0    1    1    0    1    1    1    3    0    2    1    1    1    1    1    0    1    1    1    0    1    1    1    1    1    1    1    1    1    1    0    1    1    2    0    1    1    1    1    1    1    1    2    1    1    1    1    1    0    1    2    1    1    1    1    1    1    2    1    1    1    0    3    2    1    1    1    1    1    1    3    2    2    3    2    4    2    2    2    2    3    3    4    2    3    3    3    4    3    3     18000     27000     45000
1  5         90172      621500    1    1    1    1    1    1    2    1    1    1    1    1    0    1    1    0    1    1    1    1    0    2    0    2    1    1    1    0    1    1    1    1    1    1    1    1    1    1    1    0    1    1    1    1    1    1    1    1    0    1    2    1    1    1    1    1    1    2    1    1    3    1    1    2    1    1    1    1    2    3    2    1    3    2    4    2    4    0    3    3    2    2    3    2    2    3    4    3    3    4      6750     56250     24750
1  6         90154      687500    1    0    1    2    0    1    1    1    1    1    1    1    0    1    1    1    1    1    1    1    1    1    2    0    1    1    1    1    1    1    1    1    1    0    1    1    1    1    1    2    1    1    1    1    1    2    1    1    1    1    1    1    2    1    1    1    1    2    1    2    1    2    1    2    1    1    2    3    0    2    1    2    2    3    2    2    2    3    2    2    3    2    2    3    3    3    4    2    3    3      3125     31250     53750
1  7         90154      667334    1    0    0    1    0    2    1    0    1    1    1    0    1    0    2    1    1    1    1    1    0    1    0    1    1    0    2    1    1    0    1    0    3    1    1    2    1    1    0    2    2    1    1    1    2    1    2    0    1    1    0    1    3    1    1    1    1    1    2    1    1    2    1    1    1    2    1    1    2    2    1    2    2    4    3    2    3    3    3    2    2    3    2    2    3    4    3    3    4    2     57999     23001      7333
1  8         90172      736660    0    2    0    2    0    1    1    1    1    0    1    2    1    0    2    1    1    1    3    0    0    1    1    2    2    0    2    1    1    1    1    1    1    1    1    1    2    0    2    1    2    0    1    1    1    3    0    1    1    1    1    1    1    1    0    1    2    1    1    1    1    1    2    1    1    1    1    1    1    2    2    1    2    3    2    3    3    2    2    3    2    2    4    3    2    4    3    2    4    2     23333     46666     20000
1  9         90154      656400    1    1    1    1    1    0    1    2    0    1    1    0    1    0    1    1    1    0    1    1    1    1    0    1    1    1    2    1    0    1    1    1    1    1    1    1    2    0    0    1    1    1    1    1    1    1    1    1    1    1    2    1    1    1    1    1    1    1    2    1    1    2    1    1    4    0    1    1    2    2    1    2    3    2    4    3    3    2    2    2    4    2    3    4    3    3    3    3    3    3     49400     13600     22600
1  10         90154      720000    1    1    1    1    1    1    1    1    1    1    1    1    1    1    1    0    2    1    1    0    1    1    1    1    1    1    0    1    1    1    1    1    1    1    1    1    1    1    1    1    1    1    1    1    1    1    1    1    1    1    1    1    1    1    1    1    1    1    1    1    1    2    1    1    2    1    1    1    1    2    3    2    3    2    3    3    2    3    3    1    4    3    3    2    3    3    3    3    3    3     45000     25000     20000
1  11         90136      670000    1    1    1    1    0    1    2    1    1    1    1    1    1    1    1    0    1    1    0    1    1    1    1    1    2    1    1    0    1    1    0    1    1    1    1    1    1    1    1    1    1    1    1    1    1    1    1    1    1    1    1    2    1    1    1    1    1    1    1    1    2    1    1    0    2    1    1    1    1    2    2    2    2    2    3    3    3    3    2    2    3    1    3    3    6    4    2    4    3    3     10000     30000     50000
1  12         90154      730000    1    1    1    1    1    1    1    1    1    0    1    1    1    1    1    1    1    1    2    1    1    1    1    1    0    1    1    1    1    1    2    0    2    1    1    0    1    1    1    1    1    1    1    1    1    1    1    1    1    1    1    1    1    1    1    1    1    1    1    1    1    1    2    2    1    2    1    1    1    2    1    3    2    3    2    2    3    2    2    3    2    2    3    2    3    5    3    5    2    3     27000     50000     13000
1  13         90118      684000    3    0    1    0    1    1    0    1    1    0    1    1    0    1    1    0    1    1    2    1    0    0    1    1    0    2    0    0    1    1    4    1    0    2    1    1    0    1    1    1    1    1    0    1    2    1    1    1    0    1    2    0    2    1    2    1    1    2    1    1    1    1    2    0    1    2    2    1    1    2    2    1    1    3    3    4    2    2    2    3    3    6    3    2    1    3    4    6    2    3     15750     35000     37000
1  14         90154      630002    1    0    1    1    0    1    0    3    1    1    0    1    1    2    1    1    0    1    1    0    1    1    0    1    1    0    1    2    0    2    1    1    1    1    2    0    1    2    1    1    1    1    2    0    1    1    1    1    1    1    1    1    1    2    1    1    1    2    0    0    1    2    1    1    2    1    1    2    1    1    4    2    1    8    2    2    4    3    2    3    4    3    0    3    4    1    3    4    1    2     50001     16667     19999
1  15         90172      720000    1    1    1    1    1    0    1    1    0    1    1    1    1    1    1    1    1    2    0    1    1    1    1    1    1    1    1    1    1    1    1    1    1    1    1    1    1    1    2    2    1    1    1    1    1    1    1    1    1    1    1    1    1    1    1    1    1    1    2    1    1    1    1    2    1    1    1    1    1    2    2    1    3    2    3    2    2    4    3    3    2    3    2    4    3    3    3    2    4    2     15000     50000     25000
1  16         90136      652000    1    0    1    1    1    1    0    1    1    1    2    0    0    1    1    1    1    1    1    1    1    1    1    1    1    1    1    1    1    1    1    1    1    1    0    2    1    1    1    1    1    1    1    1    2    1    1    1    1    1    1    1    1    1    1    1    1    0    2    1    1    2    1    2    1    1    1    2    1    2    1    2    4    2    2    2    3    3    3    2    3    3    3    2    4    2    3    3    4    3     22000     26500     37000
1  17         90136      750000    0    2    0    1    1    0    1    1    1    1    1    1    1    1    1    1    2    1    2    1    0    1    1    1    2    0    1    1    1    1    1    2    1    1    1    1    1    1    0    1    1    1    1    1    1    1    1    2    1    1    1    1    1    2    1    1    1    1    1    2    1    1    2    1    1    1    1    1    1    2    1    3    2    3    2    3    2    3    3    2    2    2    3    3    3    3    3    3    3    3     40000     40000     10000
1  18         90172      610000    1    0    1    0    2    1    1    0    1    1    1    1    1    1    1    2    0    1    1    0    1    1    0    1    0    2    1    1    1    1    1    1    1    1    1    1    2    1    1    1    2    1    1    1    1    1    1    1    1    1    1    1    1    1    1    1    1    1    2    1    1    2    1    2    1    1    1    2    1    0    3    2    3    3    2    3    3    2    3    2    3    3    4    2    3    1    4    3    2    4     22000     15000     48000
1  19         90154      659600    0    1    1    1    0    1    0    1    1    0    2    1    2    2    0    1    0    1    1    1    1    1    1    1    1    1    1    1    1    1    1    1    1    1    2    1    1    1    1    1    1    1    1    1    1    1    1    1    1    2    1    1    1    1    1    1    1    1    1    2    1    2    1    2    1    1    1    2    1    1    1    2    4    4    2    3    3    2    2    2    3    4    1    2    2    3    4    4    1    4     23200     11800     51200