
2  0         27100     1843168    6    6    6    5    4    5    6    4    6    5    3    5    6    4    1    3    3    2    0    0    0    0    0    0    0    0    0    141111    166667    255000
2  1         27010     2041500    5    6    3    6    5    3    4    6    5    5    6    3    4    1    4    2    3    0    0    0    0    0    0    0    0    0    0    234000    288666     53778
2  2         27010     1987335    4    6    6    6    2    1    6    1    6    5    2    3    3    4    1    5    2    0    0    0    0    0    0    0    0    0    0    400000     86667     84166
2  3         27010     2161084    4    6    3    6    5    3    6    6    5    6    3    5    5    1    4    2    1    0    0    0    0    0    0    0    0    0    0    281666    127500    186250
2  4         27190     2101500    4    6    6    5    6    6    3    6    6    5    3    5    5    4    3    1    2    0    0    0    0    0    0    0    0    0    0    240000    260000     70000
2  5         27082     1994750    3    4    5    6    6    1    3    6    6    4    5    1    6    5    1    5    2    0    0    0    0    0    0    0    0    0    0    250000    236750     76500
2  6         27190     1958500    6    3    6    6    5    1    5    5    6    6    4    5    4    2    2    3    1    0    0    0    0    0    0    0    0    0    0    318000    182000     73000
2  7         27190     1499000    6    6    5    5    6    5    3    5    6    5    6    5    4    4    1    2    3    2    1    0    0    0    0    0    0    0    0    232500    267500     22500
2  8         27082     1860073    5    6    4    6    5    6    6    6    5    6    3    5    3    4    1    3    4    2    0    0    0    0    0    0    0    0    0    185714    128571    242858
2  9         27190     2054000    5    6    6    4    6    6    5    6    6    4    5    4    3    1    3    3    2    0    0    0    0    0    0    0    0    0    0    222500    275000     55000
2  10         27190     2025500    5    4    5    6    6    5    3    5    5    6    3    5    6    4    4    2    1    0    0    0    0    0    0    0    0    0    0    270500    229500     55000
2  11         27100     1973167    5    6    5    5    6    3    6    5    6    6    3    3    1    4    3    4    2    0    0    0    0    0    0    0    0    0    0    238333    260000     63334
2  12         27082     2041500    2    6    1    5    6    5    3    6    4    5    3    5    2    5    1    1    4    0    0    0    0    0    0    0    0    0    0    130000    370000     80000
2  13         27010     1993643    6    4    3    6    5    2    6    6    5    5    5    3    4    2    1    3    1    0    0    0    0    0    0    0    0    0    0    305714    182858     72143
2  14         27190     1478500    5    1    6    5    6    5    6    6    5    6    4    1    4    5    1    3    3    1    2    0    0    0    0    0    0    0    0    278000    222000     11000
2  15         27100     2058167    5    3    4    4    6    4    6    5    6    6    6    4    1    5    2    3    2    0    0    0    0    0    0    0    0    0    0    280002    219999     56666
2  16         27118     1476500    4    6    5    5    5    6    6    6    6    5    5    3    2    4    3    4    1    6    1    2    0    0    0    0    0    0    0    225000     50000    250000
2  17         27100     1938773    6    5    3    6    4    3    5    6    6    6    5    3    3    4    3    2    1    0    0    0    0    0    0    0    0    0    0    263636    250000     59091
2  18         27082     2231500    5    2    6    6    1    4    6    6    6    5    3    2    3    5    1    4    0    0    0    0    0    0    0    0    0    0    0    350000    100000    150000
2  19         27100     1461500    6    6    6    5    6    5    6    6    4    5    5    6    3    5    3    2    4    4    1    0    0    0    0    0    0    0    0    260000     20000    240000