
1  0         24574        5001    0    1    0    1    1    0    1    1    0    0    2    0    0    2    0    7    0    5    0    2    4      7143    250000    150000
1  1         21356        5001    1    0    0    1    0    1    1    0    1    2    0    0    2    0    0    0    5    7    2    4    0    250000    150000      7143
1  2         23499        5001    0    1    0    0    1    1    0    1    1    0    2    0    0    2    0    5    0    7    4    2    0    150000    250000      7143
1  3         22366        5001    1    0    0    1    0    1    1    0    1    2    0    0    2    0    0    0    5    7    2    4    0    250000    150000      7143
1  4         23832        5001    1    0    0    1    0    1    1    0    1    2    0    0    2    0    0    0    5    7    2    4    0    250000    150000      7143
1  5         22861        5001    1    0    0    1    0    1    1    0    1    2    0    0    2    0    0    0    5    7    2    4    0    250000    150000      7143
1  6         22590        5001    0    1    0    1    1    0    1    1    0    0    2    0    0    2    0    7    0    5    0    2    4      7143    250000    150000
1  7         21667        5001    0    0    1    1    0    1    1    0    1    0    0    2    0    0    2    7    5    0    0    4    2      7143    150000    250000
1  8         23494        5001    0    1    0    1    1    0    1    1    0    0    2    0    0    2    0    7    0    5    0    2    4      7143    250000    150000
1  9         21448        5001    1    0    0    1    1    0    1    1    0    2    0    0    2    0    0    0    7    5    2    0    4    250000      7143    150000
1  10         24401        5001    0    0    1    0    1    1    0    1    1    0    0    2    0    0    2    5    7    0    4    0    2    150000      7143    250000
1  11         23565        5001    1    0    0    1    0    1    1    0    1    2    0    0    2    0    0    0    5    7    2    4    0    250000    150000      7143
1  12         22406        5001    0    0    1    1    0    1    1    0    1    0    0    2    0    0    2    7    5    0    0    4    2      7143    150000    250000
1  13         22777        5001    1    0    0    1    0    1    1    0    1    2    0    0    2    0    0    0    5    7    2    4    0    250000    150000      7143
1  14         22095        5001    1    0    0    1    0    1    1    0    1    2    0    0    2    0    0    0    5    7    2    4    0    250000    150000      7143
1  15         23346        5001    1    0    0    1    1    0    1    1    0    2    0    0    2    0    0    0    7    5    2    0    4    250000      7143    150000
1  16         24361        5001    1    0    0    1    0    1    1    0    1    2    0    0    2    0    0    0    5    7    2    4    0    250000    150000      7143
1  17         23066        5001    0    0    1    0    1    1    0    1    1    0    0    2    0    0    2    5    7    0    4    0    2    150000      7143    250000
1  18         22828        5001    1    0    0    1    0    1    1    0    1    2    0    0    2    0    0    0    5    7    2    4    0    250000    150000      7143
1  19         21458        5001    1    0    0    1    1    0    1    1    0    2    0    0    2    0    0    0    7    5    2    0    4    250000      7143    150000