
1  0         90118      747286    0    2    1    0    1    1    1    2    0    2    0    0    0    0    2    1    2    0    1    0    2    0    3    1    0    0    2    2    2    0    0    1    3    1    1    1    2    1    0    2    0    1    2    1    0    2    1    2    0    1    2    1    1    1    1    1    1    0    2    2    3    0    0    0    0    3    1    1    1    3    3    0    1    4    3    4    0    2    2    0    5    3    4    1    3    3    4    4    5    1     34857     21357     33786
1  1         90190      730000    1    0    1    1    1    1    1    1    1    1    1    1    1    1    1    2    1    0    1    0    1    1    0    1    1    1    1    1    1    1    1    2    1    1    1    1    1    1    2    1    1    1    1    1    1    1    1    1    1    1    1    1    1    1    1    1    1    1    1    1    2    2    1    1    2    1    1    2    1    1    2    3    3    2    2    3    3    2    2    3    3    2    2    3    3    3    3    3    3    3     40000     10000     40000
1  2         90136      802000    1    0    1    1    1    0    1    0    2    0    1    1    1    1    0    0    1    2    1    1    1    1    1    0    2    2    2    1    0    2    0    1    2    2    0    1    1    0    3    1    1    1    1    1    1    2    1    0    1    2    1    3    0    1    0    1    2    2    1    1    2    2    1    3    0    1    0    2    1    3    1    1    0    4    3    1    4    2    3    3    1    3    5    0    4    4    1    1    1    7     26286     36714     27714
1  3         90154      770000    0    1    1    1    1    1    1    1    1    1    1    1    1    2    1    1    1    1    1    1    1    2    0    1    0    1    1    1    1    1    1    1    1    1    1    1    2    1    1    0    1    2    1    1    1    1    1    1    1    1    1    1    1    1    1    1    1    1    1    1    1    1    1    2    1    1    1    2    1    3    1    3    2    3    2    2    3    2    2    2    3    3    3    2    4    3    3    3    3    3     20000     43000     27000
1  4         90136      710000    1    1    0    0    1    1    0    1    3    1    1    1    0    2    0    0    1    2    3    1    0    0    1    2    1    1    1    1    1    0    2    1    0    0    1    2    0    1    2    1    1    1    2    1    0    1    1    1    1    1    1    1    1    1    2    1    1    1    1    1    1    1    1    1    1    2    2    1    0    0    2    4    4    2    1    2    3    3    5    2    0    1    3    5    3    4    3    5    2    3     30000     42000     18000
1  5         90154      690000    1    0    1    0    1    1    1    1    1    0    1    1    1    1    1    0    1    1    1    1    1    2    1    1    0    1    1    1    1    1    1    1    1    1    1    1    1    1    1    1    1    1    1    1    1    1    1    1    1    1    1    2    1    1    0    2    1    1    1    1    1    2    1    2    1    1    2    1    1    2    2    2    2    2    4    4    3    2    2    2    3    3    3    2    3    3    3    4    3    3     20000     30000     40000
1  6         90172      543334    0    2    1    1    0    1    1    1    1    1    0    1    1    0    1    1    1    1    1    1    1    1    0    1    1    0    1    1    1    1    1    1    1    1    1    1    1    1    1    1    1    1    1    0    2    1    1    1    1    1    1    1    1    1    1    2    1    1    3    1    1    2    1    1    2    1    1    2    1    2    1    2    2    3    4    3    2    3    3    2    2    3    2    2    3    4    3    4    4    2     43335     16666     23333
1  7         90154      624400    1    0    1    1    0    1    1    0    1    1    0    1    1    0    2    2    0    1    3    2    0    0    1    1    1    0    1    2    0    1    2    0    1    1    1    1    1    1    1    1    1    1    1    2    1    2    1    1    1    0    2    1    2    1    1    1    1    2    1    1    1    2    1    2    1    1    1    0    2    0    2    2    4    1    3    1    5    2    2    3    3    3    3    2    2    4    3    0    8    2     14200     22800     48800
1  8         90172      670000    1    1    0    1    1    1    1    1    0    1    2    1    1    1    1    1    1    1    1    0    1    1    1    0    1    1    1    1    0    2    1    1    1    1    1    1    1    1    1    1    1    1    1    1    1    1    1    1    1    1    1    1    1    1    1    1    1    2    0    1    1    1    1    1    1    1    1    1    2    2    2    2    3    1    3    1    4    5    2    5    2    3    2    2    3    4    3    4    3    3     50000     20000     20000
1  9         90118      818000    1    1    0    1    1    2    2    0    1    1    1    0    0    1    3    0    2    1    1    2    1    1    0    2    0    1    1    1    1    1    1    1    1    2    0    1    1    1    1    1    2    0    1    1    1    1    0    2    1    2    1    1    1    1    1    1    1    2    1    1    1    1    2    2    1    1    1    2    0    3    2    0    1    3    4    0    3    4    3    3    1    1    3    3    5    1    3    5    3    2     27000     36000     27000
1  10         90190      655000    0    1    1    0    0    1    0    1    1    1    1    1    0    1    1    2    1    1    0    1    1    0    1    1    0    1    1    2    1    1    1    1    1    1    1    1    1    1    1    1    1    1    2    1    1    1    1    1    1    1    1    1    2    1    1    1    1    2    2    1    2    1    1    1    2    1    2    1    1    0    2    3    3    3    3    4    3    2    1    2    3    4    2    2    4    2    3    4    3    3     17500     10000     60000
1  11         90172      730000    1    1    1    0    1    2    0    1    2    1    1    1    1    1    1    1    1    1    1    0    1    0    1    2    1    1    1    1    1    1    1    1    1    2    1    0    1    1    1    1    1    1    1    1    1    2    1    1    1    1    2    1    1    1    1    1    1    1    1    1    2    0    1    1    2    1    2    1    1    2    1    2    3    3    1    2    3    3    2    2    3    2    3    3    4    3    2    3    5    2     40000     23000     27000
1  12         90154      750000    1    1    1    1    1    1    1    1    1    1    1    0    1    1    1    0    1    0    1    1    1    1    1    1    1    1    0    1    1    3    1    1    1    1    1    2    1    1    0    1    1    1    1    1    2    2    1    1    1    1    1    1    1    2    1    1    1    2    1    1    1    1    0    2    1    1    1    1    2    1    2    2    2    3    2    4    2    3    2    3    3    3    2    2    3    3    3    2    4    3     27000     63000         0
1  13         90172      532000    0    1    1    0    0    1    0    1    1    0    1    1    1    0    1    0    1    1    1    0    1    0    1    1    0    1    1    1    1    1    1    1    1    0    1    2    1    0    1    2    0    1    0    2    1    1    1    1    2    1    1    2    1    1    1    2    1    2    1    1    2    1    1    1    2    1    2    1    1    1    2    2    1    4    3    6    2    2    2    1    3    6    3    2    2    5    3    4    4    3     15000     11000     59000
1  14         90154      834400    1    0    1    1    0    2    1    3    0    1    0    1    2    0    1    1    0    1    1    0    1    1    1    1    1    0    2    1    0    2    1    1    1    1    1    1    1    2    1    1    3    0    1    2    0    1    1    2    1    2    0    2    2    1    1    2    0    1    1    1    2    2    0    1    0    3    1    0    2    1    4    0    2    3    2    3    0    4    2    5    1    2    2    4    2    4    4    4    1    3     43600     23400     24800
1  15         90136      649600    0    1    2    0    2    1    1    2    1    1    1    0    1    0    1    1    0    1    1    1    0    1    0    2    1    1    1    1    0    2    1    1    1    1    1    1    2    0    1    1    1    1    1    1    1    2    0    1    0    2    2    1    1    1    1    1    1    2    0    2    2    0    1    1    2    0    1    2    1    2    2    2    2    4    2    2    4    3    2    4    2    3    1    3    3    5    2    4    2    3     44600     23200     18400
1  16         90172      665716    3    0    0    1    0    2    1    1    0    1    0    3    1    1    0    0    2    1    1    0    3    0    1    2    0    2    0    0    1    2    1    1    1    1    1    1    3    0    1    1    1    1    1    1    1    3    0    2    1    1    1    1    1    1    0    2    0    0    2    1    1    1    2    1    2    1    3    0    3    2    2    1    1    4    0    4    2    3    3    2    3    4    3    2    2    4    1    1    4    3     20856     48430     16572
1  17         90136      662000    0    1    1    0    1    1    0    1    1    1    1    1    0    1    1    2    1    0    0    1    1    0    1    1    0    1    1    1    1    1    1    1    1    1    1    1    4    1    0    1    1    1    1    1    1    2    1    1    3    1    1    2    1    1    1    1    2    1    1    1    1    2    1    1    2    0    2    1    1    0    2    2    4    2    3    4    3    2    4    2    3    3    2    3    1    3    4    1    3    4     12000     44000     34000
1  18         90154      879000    0    2    1    0    1    1    0    1    1    1    1    0    2    0    0    1    2    0    2    0    1    1    0    2    0    2    0    1    1    0    1    1    3    0    1    3    2    0    1    0    2    0    0    2    0    1    2    0    2    1    0    0    1    2    1    1    1    2    2    0    2    0    2    2    1    0    0    2    2    2    2    1    2    3    2    3    3    1    2    2    5    2    3    5    3    2    7    7    1    1     31500     45000     18000
1  19         90136      652000    1    1    0    0    1    0    0    1    1    2    1    0    1    1    2    1    1    1    2    1    0    1    1    0    0    1    1    0    1    1    0    1    1    0    1    1    2    1    1    1    1    2    0    1    2    2    1    1    2    1    1    2    1    1    1    1    1    1    1    2    2    2    0    2    1    1    1    2    1    1    1    3    4    3    1    3    3    1    3    2    4    0    2    5    3    4    1    4    2    6      7000     56000     24000