
1  0         21090        5001    1    0    0    1    0    1    1    0    1    2    0    0    2    0    0    0    5    7    2    4    0    250000    150000      7143
1  1         21422        5001    0    0    1    1    0    1    1    0    1    0    0    2    0    0    2    0    2    2    7    7    0      7143    150000    250000
1  2         21007        5001    0    1    1    0    1    2    0    1    2    0    2    2    0    2    2    2    2    0    7    0    0    157143    242857      7143
1  3         21140        5001    1    0    0    1    0    1    1    0    1    2    0    0    2    0    0    0    5    7    2    4    0    250000    150000      7143
1  4         21198        5001    0    1    0    0    1    1    0    1    1    0    2    0    0    2    0    5    0    7    4    2    0    150000    250000      7143
1  5         21107        9287    0    1    0    0    1    0    0    1    1    0    2    0    0    2    0    5    0    6    4    2    2    142857    250000     14286
1  6         21906        5001    1    0    0    1    0    1    1    0    1    2    0    0    2    0    0    0    5    7    2    4    0    250000    150000      7143
1  7         21466        5001    1    0    0    1    0    1    1    0    1    2    0    0    2    0    0    0    5    7    2    4    0    250000    150000      7143
1  8         21221        5001    0    0    1    0    1    1    0    1    1    0    0    2    0    0    2    5    7    0    4    0    2    150000      7143    250000
1  9         21336        5001    1    0    0    1    0    1    1    0    1    2    0    0    2    0    0    0    5    7    2    4    0    250000    150000      7143
1  10         21094        5001    0    0    1    0    1    1    0    1    1    0    0    2    0    0    2    5    7    0    4    0    2    150000      7143    250000
1  11         21298        5001    0    1    0    0    1    1    0    1    1    0    2    0    0    2    0    5    0    7    4    2    0    150000    250000      7143
1  12         21093        5001    1    0    0    1    0    1    1    0    1    2    0    0    2    0    0    0    5    7    2    4    0    250000    150000      7143
1  13         21275        5001    1    0    0    1    0    1    1    0    1    2    0    0    2    0    0    0    5    7    2    4    0    250000    150000      7143
1  14         21003        5001    1    0    0    1    1    0    1    1    0    2    0    0    2    0    0    0    7    5    2    0    4    250000      7143    150000
1  15         21352       10628    1    0    0    1    0    0    1    0    1    2    0    0    2    0    0    1    3    8    1    6    0    250000    141667     15625
1  16         21113        9287    0    1    0    1    1    0    2    1    0    1    2    0    1    2    0    4    0    5    0    2    4      9524    245238    152381
1  17         21063        5001    1    0    0    1    0    1    1    0    1    2    0    0    2    0    0    0    5    7    2    4    0    250000    150000      7143
1  18         21292        5001    0    0    1    0    1    1    0    1    1    0    0    2    0    0    2    2    0    2    7    7    0    150000      7143    250000
1  19         21237        5001    1    0    0    1    0    1    1    0    1    2    0    0    2    0    0    0    5    7    2    4    0    250000    150000      7143