
1  0         90172       90288    0    1    0    0    1    0    1    1    0    0    1    0    0    1    0    0    1    0    0    1    0    0    1    0    0    1    1    1    1    1    0    1    1    1    1    1    1    1    1    2    1    1    2    1    1    2    1    1    2    1    1    2    1    1    1    1    1    2    1    2    2    1    2    2    1    2    2    1    2    1    2    1    8    1   11    2    3    2    2    3    2    1    3    2    5    3    5    0    4    0      7143     66000      9714
1  1         90154       93334    1    0    0    1    0    0    1    1    0    1    0    1    1    1    0    1    1    0    1    1    0    1    1    0    1    1    0    1    0    1    1    1    1    1    1    1    1    1    1    1    1    2    1    2    1    1    4    0    1    0    2    1    1    1    1    1    1    1    2    1    1    2    2    1    1    2    1    1    2    2    0    2    3    2    2    3    1    2    2    5    6    2    5    5    3    3    5    4    2    1     63333      6667     13334
1  2         90154      104668    0    1    1    0    1    1    0    1    1    0    1    1    0    1    1    0    1    1    0    1    1    0    1    1    0    1    1    1    1    1    1    1    1    1    1    1    1    1    1    1    1    1    1    2    1    1    1    1    1    1    1    1    1    1    1    1    1    2    1    1    2    1    1    2    1    1    2    1    1    1    2    2    6    2    2    0    2    4    6    2    2    6    2    2    4    4    3    1    4    4     16334     16668     49330
1  3         90154       54400    1    0    0    1    0    0    1    1    0    1    1    0    1    1    0    1    1    0    1    1    0    1    1    0    1    1    0    1    0    1    1    0    1    1    1    1    1    0    1    1    2    1    1    1    1    1    2    1    1    2    1    1    1    2    1    2    1    1    2    2    1    2    2    1    2    2    1    2    2    1    4    5    3    1    2    2    4    6    2    5    6    3    1    2    4    1    1    4    0    1     66000      4000     13600
1  4         90136       68000    1    0    0    1    0    0    1    0    1    1    0    1    1    0    1    1    0    1    1    0    1    1    0    1    1    0    1    1    1    0    1    1    0    1    1    1    1    1    1    1    1    2    1    1    1    1    1    2    1    2    1    1    1    1    1    1    1    1    2    1    1    2    2    1    2    2    1    2    2    2    1    1    2    6    5    3    2    1    3    2    2    3    2    1    4    1    0    2    9    8     66000     13000      4000
1  5         90154       60000    0    1    0    0    1    0    0    1    1    0    1    0    0    1    1    0    1    1    0    1    1    0    1    1    0    1    1    1    1    1    1    1    0    1    1    0    1    1    0    1    1    3    2    1    0    1    1    1    1    1    2    1    1    2    2    1    0    2    1    2    2    1    2    2    1    2    2    1    2    1    2    1    2    3    2    2    3    1    1    3    2    6    2    5    1    4    1    9    2    7     13000     66000      4000
1  6         90082      105884    1    1    0    1    0    1    1    0    1    1    1    0    1    1    0    1    1    0    0    2    2    1    1    0    1    1    0    1    1    1    1    1    1    1    1    1    1    1    1    1    1    1    1    1    1    1    1    1    1    1    2    1    1    1    1    1    1    1    1    2    1    1    2    1    2    1    1    1    2    1    2    4    2    4    4    4    1    1    4    2    0    1    5    6    3    4    4    5    1    1     49411     16588     16354
1  7         90118      152668    2    2    0    1    0    1    1    0    1    1    0    1    1    0    1    1    0    1    2    2    0    1    0    1    2    2    0    1    1    1    1    1    1    1    1    1    1    1    1    1    1    1    1    1    1    1    1    1    1    2    1    1    1    1    1    2    1    2    1    1    1    2    1    1    2    1    2    1    1    2    1    2    2    7    2    2    3    3    2    2    3    2    2    3    2    0    5    2    3    4     16666     16334     49334
1  8         90136      120448    1    1    0    1    1    0    1    1    0    1    1    0    1    1    0    1    1    0    1    1    0    1    1    0    1    1    0    1    1    1    1    1    1    1    1    1    1    1    1    1    1    2    1    1    1    1    1    1    1    1    1    1    1    2    1    1    1    1    2    0    1    1    2    1    1    2    1    1    2    2    2    1    3    3    1    2    2    6    3    2    4    3    3    2    2    2    9    4    4    1     32224     33776     16444
1  9         90136      100000    1    0    0    1    0    0    1    0    0    1    0    0    1    0    0    1    0    0    1    1    0    1    0    0    1    1    0    1    1    1    1    1    1    1    1    1    1    1    1    1    1    2    1    2    1    1    1    2    1    1    2    1    1    2    1    1    1    1    2    2    1    2    2    1    2    2    1    2    2    2    1    1    3    2    2    3    2    1    3    1    1    3    2    1    3    5    4    2    8   10     66000     10000      7000
1  10         90172       60008    0    1    0    0    1    0    2    1    0    1    1    0    1    1    0    1    1    0    1    1    0    1    1    0    1    1    0    0    1    1    1    1    1    0    1    1    1    1    1    0    1    2    2    1    1    1    1    2    1    1    1    2    1    1    2    1    1    1    1    2    1    1    2    2    1    2    1    1    2    1    2    1    2    3    2    0    3    3    2    3    2    5    2    5    2    4    1    7    2    8      6667     63333     13334
1  11         90154       67000    0    1    0    0    1    0    1    1    0    1    1    0    1    1    0    1    1    0    1    1    0    1    1    0    1    1    0    1    1    1    1    1    1    1    1    1    0    1    1    1    1    2    2    1    1    1    1    2    1    1    1    2    1    1    1    1    1    2    1    2    1    1    2    1    1    2    1    1    2    1    2    1    4    2    6    1    3    2    4    2    6    7    2    5    1    4    1    1    4    1      4500     65500     13500
1  12         90136       65000    0    1    0    0    1    0    1    1    0    1    1    0    1    1    0    1    1    0    0    1    0    1    1    0    1    1    0    0    1    1    1    1    1    1    1    1    0    1    1    1    1    1    0    1    2    2    1    1    2    1    1    0    1    2    3    1    1    2    1    2    1    1    2    1    1    2    2    1    2    1    2    1    2    3    2    4    2    6    3    3    1    5    2    6    4    3    5    1    4    1      4375     65625     13125
1  13         90172       71638    1    0    0    1    0    0    1    0    1    1    0    1    1    0    1    1    0    2    1    0    1    1    0    1    1    0    1    1    1    1    1    1    0    1    1    1    1    1    2    1    1    1    1    1    1    1    1    3    1    2    0    1    1    2    1    1    1    1    2    2    1    2    2    1    2    2    1    2    2    1    5    4    3    2    1    3    2    0    3    2    1    3    2    1    3    5    4    3    5    3     66000     14181      3273
1  14         90118      127500    0    2    1    1    2    0    1    0    1    1    0    1    1    0    1    1    0    1    1    0    1    1    0    1    1    0    1    1    1    1    1    1    1    1    1    1    1    1    1    1    1    1    1    2    1    1    1    1    1    2    1    2    2    0    0    1    2    1    0    2    1    2    1    2    2    0    1    2    1    3    2    1    4    4    1    5    3    1    1    1    5    4    4    1    2    2    5    0    3    6     32500     13750     37500
1  15         90172       71000    4    0    3    0    1    0    1    1    0    4    0    4    1    1    0    1    1    0    1    1    0    1    1    0    1    1    0    1    1    1    0    1    1    0    1    1    0    1    1    3    1    1    1    1    2    3    1    1    3    1    1    1    1    1    3    1    1    1    1    2    1    1    2    2    1    2    0    1    2    1    2    1    1    3    3    2    3    2    1    3    2    2    3    2    2    3    5    0    4    1      3250     66000     14250
1  16         90172      104400    0    1    0    0    1    0    0    1    1    0    1    0    0    1    1    0    1    1    1    1    0    1    1    0    0    1    0    1    1    1    1    1    1    1    1    1    1    1    1    1    1    1    2    1    1    1    1    2    1    1    1    1    1    2    2    1    1    2    1    2    2    1    2    2    1    1    2    1    1    1    2    1    5    2    5    2    3    2    5    2    5    2    3    2    1    4    1    4    3    5     13800     63000      7000
1  17         90154       56000    1    0    0    1    0    0    1    0    1    1    0    1    1    0    1    1    0    1    1    0    1    1    0    1    1    0    1    1    1    1    1    1    0    1    1    0    1    1    0    1    1    3    1    1    2    1    1    2    1    2    0    1    1    2    1    2    1    1    2    2    1    2    2    1    2    2    1    2    2    2    1    1    3    2    1    2    6    3    3    1    3    2    6    4    4    1    1    3    5    3     66000     14000      4000
1  18         90136      105336    0    1    1    0    1    1    0    1    1    0    1    1    0    1    1    0    1    1    0    1    1    0    1    1    0    1    1    1    1    1    1    1    1    1    1    1    1    1    1    1    1    1    2    1    1    1    1    1    1    1    1    1    1    1    1    1    1    2    1    1    2    1    1    2    1    1    2    1    1    1    2    2    0    4    2    6    2    2    1    3    4    6    2    2    5    3    3    4    3    4     16334     49328     16670
1  19         90172       81500    1    0    0    1    0    0    1    0    0    1    0    1    1    1    0    1    0    1    1    0    1    1    0    1    1    0    1    1    1    1    1    1    1    1    1    0    1    1    0    1    1    1    1    1    2    1    1    2    1    1    2    1    1    2    1    1    1    1    2    2    1    2    1    1    2    2    1    2    2    1    5    4    3    2    2    2    6    5    3    2    2    2    6    4    4    1    0    4    1    1     64500     12500      5750