
0     33693.00      531430.00
1     30141.00      544338.00
2     92885.00      505000.00
3     16779.00      624000.00
4     77285.00      524670.00
5     21325.00      624000.00
6     30659.00      563336.00
7     63750.00      605000.00
8    120845.00      568674.00
9    109022.00      542000.00
10    118970.00      506000.00
11    120949.00      550000.00
12    121740.00      488336.00
13     15847.00      633000.00
14     21160.00      624000.00
15     50539.00      633000.00
16     52102.00       44000.00
17     98888.00      574000.00
18     19006.00      563338.00
19     48153.00      598668.00