
2  0         27651        5003    6    0    1    6    1    4    5    2    2    6    3    3    5    3    2    6    4    6    6    4    6    6    5    6    6    5    6    153333    246667      6667
2  1         27263        5001    0    3    1    1    3    2    2    3    3    4    5    3    4    5    3    5    6    3    5    6    3    6    6    3    6    6    3    250000    150000      7143
2  2         27637        5001    0    2    5    1    1    5    6    5    5    3    5    5    3    5    5    4    5    6    4    5    6    2    5    6    6    5    6    250000      7143    150000
2  3         27210        5001    0    5    1    6    5    5    6    5    2    3    5    5    3    5    5    4    6    5    4    6    5    2    6    5    1    6    5    250000    150000      7143
2  4         28034        5001    6    0    5    2    1    5    1    2    6    6    3    6    6    3    6    6    4    6    6    4    6    6    5    6    6    5    6      7143    250000    150000
2  5         27484        5001    5    0    5    5    1    5    5    2    5    5    3    5    5    3    5    1    4    6    2    4    6    5    6    6    5    6    6      7143    250000    150000
2  6         28669        5001    5    0    1    6    1    6    6    2    6    6    3    6    5    3    2    6    4    6    6    4    6    6    5    6    6    5    6    150000    250000      7143
2  7         27462        5001    6    0    0    6    1    1    6    2    2    5    3    3    5    3    3    6    4    4    6    4    4    6    5    1    6    5    2    157143    242857      7143
2  8         28047        9287    2    5    0    5    5    2    2    5    3    5    5    3    3    5    1    1    6    4    4    6    6    5    6    4    5    6    6      9524    152381    245238
2  9         28926        5001    6    3    0    6    2    1    5    1    2    5    0    3    6    3    3    6    4    4    6    4    4    6    2    5    6    1    5    157143      7143    242857
2  10         28158        5001    0    5    1    6    5    5    6    5    2    3    5    5    3    5    5    4    6    5    4    6    5    2    6    5    1    6    5    250000    150000      7143
2  11         28160        5001    5    5    2    5    2    1    5    1    0    5    5    4    5    5    3    6    5    3    6    5    4    6    5    6    6    5    6    150000      7143    250000
2  12         27422        5001    2    0    5    6    1    5    6    2    6    6    3    6    6    3    6    1    4    6    6    4    6    6    5    6    6    5    6      7143    250000    150000
2  13         27703        5001    6    5    0    6    6    1    1    5    2    6    6    3    6    6    3    2    6    4    6    6    4    6    6    5    6    6    5      7143    150000    250000
2  14         28004        5001    1    0    5    2    1    5    5    2    5    5    3    5    5    3    5    5    4    6    5    4    6    5    6    6    5    6    6      7143    250000    150000
2  15         28155        5001    5    6    0    5    5    1    2    5    2    5    5    3    5    5    3    5    5    4    1    6    4    5    6    6    5    6    6      7143    150000    250000
2  16         27019        5001    0    5    1    6    5    5    6    5    2    3    5    5    3    5    5    4    6    5    4    6    5    2    6    5    1    6    5    250000    150000      7143
2  17         27212        5001    5    0    2    6    1    6    6    2    6    6    3    6    5    3    1    6    4    6    6    4    6    6    5    6    6    5    6    150000    250000      7143
2  18         27246        5001    0    6    6    4    1    6    2    6    5    3    6    6    3    2    5    4    6    6    1    6    6    5    6    6    5    6    6    250000      7143    150000
2  19         28722        5001    0    5    2    6    5    5    6    5    5    3    5    1    3    5    5    4    6    5    4    6    5    2    6    5    1    6    5    250000    150000      7143