
1  0         95367      107600    0    1    0    0    1    0    0    1    0    0    1    0    0    1    0    0    1    0    0    1    1    0    1    0    0    1    0    1    1    1    1    1    1    0    1    1    0    1    1    0    1    2    0    1    2    0    1    2    0    1    2    0    1    2    0    1    2    0    1    3    1    1    2    0    1    2    0    1    3    0    2    2    5    3    1    3    3    2    3    3    2    2    3    2    6    3    4   20    2    2      6350     63000     13500
1  1         94256       97108    0    0    1    0    0    1    1    0    1    2    0    1    0    1    1    2    0    1    2    0    1    1    0    1    1    0    1    0    1    1    0    1    1    1    1    1    0    1    1    0    2    1    0    2    1    0    2    1    0    2    1    0    2    1    0    2    1    0    3    1    1    2    1    1    2    1    1    2    1    0    2    2    4    1    3    3    2    3    1    3    3    0    3    3    3    2    4   18    3    1      9658     16158     57684
1  2         92795       72002    0    0    1    0    0    1    0    0    1    0    1    1    0    0    1    0    0    1    0    0    1    0    1    1    0    0    1    1    0    1    1    0    1    1    0    1    1    0    1    2    0    1    2    0    1    2    0    1    2    0    1    2    0    1    2    0    1    3    0    1    3    0    1    2    1    1    3    0    1    2    0    2    5    6    2    2    2    3    2    2    3    1    4    3    0    3    4    3   22    2     12000      5091     66000
1  3         94664       67114    0    1    0    0    1    0    0    1    1    0    1    0    0    1    0    0    1    0    0    1    0    0    1    0    0    1    1    1    1    0    1    1    0    1    1    0    1    1    0    2    1    0    2    1    0    2    1    0    2    1    0    2    1    0    2    1    0    3    1    0    3    1    0    2    1    2    2    1    0    1    2    1    3    3    0    1    3    4    2    3    1    0    3    7    4    3    7    5    2   18     12000     66000      4889
1  4         96073      122000    0    0    1    0    0    1    1    0    1    1    0    1    0    0    1    0    0    1    0    0    1    0    0    1    0    0    1    1    0    1    1    0    1    1    0    1    1    0    1    2    0    1    2    0    1    2    0    1    2    0    1    2    0    1    2    0    1    3    0    1    3    0    1    3    0    1    2    1    1    2    0    2    2    3    3    4    6    2    1    4    3    1    3    3    1    4    4    2   21    2     12500      6000     64500
1  5         95354       66674    0    0    1    0    0    1    0    1    1    1    0    1    0    1    1    0    0    1    0    1    1    0    0    1    0    0    1    1    0    1    1    0    1    1    1    1    1    1    1    2    0    1    2    0    1    2    0    1    2    0    1    2    0    1    2    0    1    2    1    1    3    0    1    3    0    1    3    0    1    2    0    2    1    4    3    1    4    3    2    2    3    4    7    2    1    2    4    3   17    2     13333      6667     63333
1  6         90817       73468    0    1    0    0    1    0    0    1    0    0    1    0    0    1    0    0    1    1    0    1    1    0    1    0    0    1    0    1    1    0    1    1    0    1    1    0    0    1    2    2    1    0    2    1    0    2    1    0    2    1    0    2    1    0    2    1    0    3    1    0    3    1    0    3    1    0    3    1    0    2    2    0    1    3    2    1    3    4    1    3    4    2    3    2    5    3    5    3    2   21     11474     65578      5448
1  7         95769      108000    0    0    1    0    0    1    0    1    1    0    1    1    0    0    1    0    0    1    0    0    1    0    0    1    0    1    1    1    0    1    1    0    1    1    0    1    1    0    1    2    0    1    2    0    1    2    0    1    2    0    1    2    0    1    2    0    1    3    0    1    2    0    1    2    0    1    3    0    1    2    0    2    3    1    3    0    8    3    2    2    3    2    4    3    5    3    3    2   21    2     13000      6000     64000
1  8         92745       65010    1    0    0    1    0    0    1    0    1    1    0    0    1    0    1    1    0    1    1    0    0    1    0    0    1    0    0    1    1    1    1    1    0    1    1    0    1    1    0    1    2    0    1    2    0    1    2    0    1    2    0    1    2    0    1    2    0    1    3    0    1    3    0    1    3    0    1    3    0    2    2    0    3    2    2    3    0    6    2    4    8    3    0    6    4    1    1    2    5   15     65000     12500      5833
1  9         96467      115946    1    0    0    1    0    0    1    0    0    1    0    0    1    0    0    1    0    0    1    0    0    1    0    0    1    0    0    1    0    1    1    0    1    1    0    1    1    0    1    1    0    2    1    0    2    1    0    2    1    0    2    1    0    2    1    0    2    1    1    2    1    0    3    1    0    3    1    0    3    2    0    2    3    7    1    3    7    1    2    6    5    3    0    3    4    1    1    2   20    2     65362      6232     12319
1  10         90937       91556    0    0    1    0    0    1    0    0    1    0    0    1    0    0    1    0    0    1    0    0    1    0    0    1    0    0    1    1    0    1    1    0    1    1    0    1    1    0    1    2    0    1    2    0    1    2    0    1    2    0    1    2    0    1    2    1    1    3    0    1    3    0    1    2    0    1    3    0    1    2    0    2    1    4    3    2    2    3    3   11    2    1    4    3    1    2    4    5   18    2     12000      4889     66000
1  11         93086       98622    1    0    0    1    0    0    1    0    1    1    0    2    1    0    1    1    0    1    1    0    1    1    0    1    1    0    1    1    1    1    1    1    1    1    1    1    1    1    1    1    1    1    1    1    1    1    2    1    1    1    1    1    1    1    1    1    1    1    2    1    1    2    1    1    2    0    1    2    1    2    1    2    3    2    3    3    2    3    2    6    3    2    6    3    4    1    3    3    5    4     63793     15517      3104
1  12         95367      121342    0    1    0    0    1    0    0    1    0    0    1    0    0    1    1    0    1    0    0    1    0    0    1    0    0    1    0    1    1    0    1    1    0    1    1    0    1    1    0    2    1    0    2    1    0    2    1    0    2    1    0    2    1    0    2    1    0    3    1    0    3    1    0    2    1    0    2    1    0    2    2    0    1    3    5    3    3    2    5    2    6    2    3    3    1    4    4    2    2   21     13500     63000      6047
1  13         97419       89492    1    0    0    1    0    0    1    1    0    1    1    0    1    0    0    1    0    0    1    0    0    1    0    0    1    0    1    1    0    1    1    0    1    1    1    1    1    2    0    1    0    2    1    0    2    1    0    2    1    0    2    1    0    2    1    0    2    1    0    3    1    2    2    1    0    3    1    1    2    2    0    2    3    3    1    3    0    3    3    0    3    3    6    1    4    4    0    1   21    6     63462      6538     13206
1  14         94662       94400    0    1    0    0    1    0    0    1    0    0    1    0    0    1    0    0    1    0    0    1    0    0    1    0    0    1    0    1    1    0    1    1    1    2    1    0    1    1    0    2    1    1    2    1    1    2    1    1    2    1    1    2    1    1    2    1    1    2    1    2    1    1    2    2    1    2    2    1    2    3    2    0    3    3    1    2    3    2    3    2    7    4    3    0    2    4    0    1    2   17      7920     66000      8240
1  15        102799       77500    0    0    1    0    0    1    1    0    1    1    0    1    1    0    1    1    0    1    0    0    1    0    0    1    0    0    1    0    1    1    0    1    1    0    1    1    0    1    1    0    2    1    0    2    1    0    2    1    0    2    1    0    2    1    0    2    1    1    2    1    0    3    1    0    3    1    0    3    1    0    2    2    2    2    3    1    3    3    4    1    3    4    1    3    6    3    3   20    3    2      5625     12500     65000
1  16        102420       83436    1    0    0    1    0    0    1    1    0    1    1    0    1    0    1    1    1    0    1    0    0    1    1    0    1    0    0    1    0    1    1    0    1    1    0    1    1    0    1    1    0    2    1    0    2    1    0    2    1    0    2    1    0    2    1    0    2    1    0    3    1    0    3    1    0    2    1    0    2    2    0    2    3    3    2    3    4    1    3    3    2    3    2    2    3    8    3    2   18    3     63714      6286     13143
1  17         94559       60010    0    0    1    0    0    1    1    0    1    1    0    1    0    0    1    1    0    1    1    0    1    0    0    1    1    0    1    1    1    1    0    1    1    0    1    1    0    1    1    0    2    1    0    2    1    0    2    1    0    2    1    0    2    1    0    2    1    0    3    1    0    3    1    0    3    1    1    2    1    0    2    2    0    3    3    1    3    3    7    4    2    2    2    3    4    0    4   21    1    2      6667     13333     63333
1  18         91509       58868    1    0    0    1    0    0    1    0    1    1    0    1    1    0    1    1    1    0    1    0    1    1    0    1    1    1    0    1    1    0    1    1    0    1    1    0    1    1    1    1    2    0    1    2    0    1    2    0    1    2    0    1    2    0    1    2    0    1    2    1    1    3    0    1    3    0    1    3    0    2    2    0    3    2    2    2    5    4    3    0    6    3    2    2    4    1    2    2    1   19     62572     13714      7428
1  19         95618       69722    1    0    0    1    0    0    1    0    1    1    0    0    1    0    1    1    1    0    1    0    1    1    0    1    1    0    0    1    1    0    1    1    0    1    1    0    1    1    0    1    2    0    1    2    0    1    2    0    1    2    0    1    2    0    1    2    0    1    2    1    1    3    0    1    3    0    1    3    0    2    0    2    3    2    2    3    2    2    2    4    8    3    3    0    4    0    5    2    3   18     63714     13143      6286