
2  0         12515    10293920   21   20   46   35   29   46   43   18   48   21   33   48   18   47   36    0    1   28    1   37   34    3   31    2    4   40   28   33   20   16   43   46    5    4   42   29   49   19   19    6   42    7   10    9    8    4   35   11   10   31   30   10   27   11   10    6   38   27   40   12   14   39   28   22   22   12   22   21   38   13   43   15   22   44   15   18   25   35   25   40   24   48   17   48   25   30   24   25   23   49   25   37   26   30   42   26   32   32   26   32   32   29   33   13   27   17   41   31   33   36   16   36   36   34   45   44   34   47   44   37    243000    225000    121500
2  1         93407     1497800   38   49   19    0   21   49   32   31    1   41   23   33   38   48   47   34   42   35   47   38   30   48   33   44    4    2   49   37   12    9    5   31   48    3   41   18   17   27   20   21   28   39   45   20   49   10   30   32   29   19   11   39   28   23   47   35   15   22   15    6   42   43   36   48   14   12   46    8   14   43   40   45   25   34   40   25   16   41    7   11   34   35   39   42   16   23   24   29    8   28   46   30   43   36   18   26   26   48   27   22   32   13   36    9   45   37   49   31   44   17   40   24   13   33   44   27   46   47   10   37     90000     60000     90000
2  2         79966     1591050   38   10   26    0   45   48   49   16   48   44   36   35   45   38   21   49   47   37   43   45   31   48   12   40   46   32   43    2   10   20    5   14   46   43   48    8   42    5   41   28   12    7   17    6    9   46    6   35   10   18   19   30   14   49   14   30   27   22    4   11   22   44   33   22   23   41   29   12   15   39   36   42   25   17   13   25   36   31    1   40   47   18   33   45   30   33   49   47   32   28   24   42   34   40   18   38   44   17   24   36   26   37   36   16   39   25   27   29   39   30   34   44    4   47   16    3   23   44    3   32     58500     45750    135375
2  3        125286     1693800   48   15   24    0   38   48   45   30   32   44   20   41   48   36   49   46   21    1   49   35   31   16   14   37    4   19   43    4   39   26   43   39   46    8   41   47    9   45   47    9    5   47   35   11   34   47    6   45   10   21   23   33   36   39   42   17   29   43   18   42   27   42   49    6   23   11   40   49   38   12   44   44    2   17   15   48   22   32   34   34   16   49   36   38   25   22   28   41   13   40   27   24   26    8   33    3   43   20   46   37   25   37   14   35   27   13   31   30   19   40   33   25   28    7   45   12   10   18   29   48     55000     84000    105000
2  4        115216     1567800   28   43   35   44   34   48    0   36   29   49    1    5   46   48   41    0   41   28   49    2    3   38   31   42    4   36   16    4    6   33    4    8   37   39   49   11   23    9   47   10   40   12   10   32   21   48   39   15   10   30   24   10    6   23   10   37   18   24   35   46   45    8   38   22   14   25   46   22   40   41   47   27   37   22    7   44   45   17   42   44   20    9   39   45   47   39   33   35   29   43   45   38   49   25   43   31   27   32   49   28   47   34   25   14   44   40   36   19   27   32   13   36   26   30   47   46   48   47   42   26     28000     74000    140000
2  5        121256     1465800   30   32   21    0   36   49   37   31   43    0    1   23   40    3   22   27    8   33   49   40   39   49   26    7   39   48   11    4   32   20    9    6   47    4    8   16   47   13   29    4    9    5   48   41   41   22   33   15    6   10   19   47   29   45   38   46   43   42   35   48   10   42   37   27   13   30   32   18   31   33   36   40   25   49   28   25   25   14   24   25   26   41   37   24   40   34   38   36   39   17   39    2   46   35   12   42   32   18   35   32   48   44   10   46   34   34   36   47   38   48   49   47   28   44   30   12   27   23   38   45     30000     69000    138000
2  6        115183     1663800   46   40   45    0   48    1    0   17   26    0   13   26   18   42   31   37    6   49    4   19   39    4   43   27    4   48   23    4   37   18   43    8    5   38    2   24   25   12   47   26   38   28   42   15   32   10   39   47    9   21    7   10   24   37   10   28   34   10   44    3   10   45   25   10   47   36   39   32   30   14   22   49   14   23   45   17   35   35   27   44   42   20   46   43   22   40   29   49   16   46   31   29   38   49   30   31   36   48   47   14   41   49   31   20   33   46   33   14   18   11   25   15   36   27   18   34   49   10   41    9     20000    135000     90000
2  7        141907     1687800   18   19    1   28   10   12   30   36   15    0   32   33   13   49    5   31   15   43   12   32   29    2   14   16   48   44   39    4   26   24    4   35    7   34   36   17   28   18   11   47   37   28   40   42   14    8   41   31   16   38   46   20    8   47   35   23   49   33   46   34   21   33   35   10   47   23   11   24   39    3   22   44   45   30   27   42   22   40   26   48   49   17   25   13   38   31   42   32   34   48   47   25    6   26   29   30   39   44   43   36   21   37   46   45   19   41   48   49   37   20   45   48   40   38   45   27   41   47   43    9     54000     90000     99000
2  8        146906     1716800   21   11   49    0   45    1    0    2   33   36   34   42    0   39   30    1   14   37   39   24   19   19   22   40    4   22   38   48   41   38   47    6    7    4   18    8    4   43   17   32   10   26   43   24   44   47   36   30   10   40   33   19   23    9   44   32   48   46   14   47   40    3   12   25   47   20   25   49   45   25   25   29   41   23   42   12   34   46   20   43   26   18   39    5   13   27   13   45   27   46   15   49   21   34   36   35   44   49   15   11   32   28   42   41   48   18   29   48   17   35   16   45   31   31   39   47   37   16   44   28     30000     97500    112500
2  9        136874     1751800   24    8    3   38   30   37    0   39   23    0    7   38    0   48   33    0    1   35    0   11    2    1    4   21   25   31   20   35   32   44   40   49   43   34    5   48   39   34   40    6    6   44   29   35   47   10    8   22   10    9   24   10    9   12   10   38   27   22   17   39    4   41   15   47   36   49   41   11   43   10   40   29   46   19   49   36   45   41   28   33   37   23   25   14    7   17   47   27   46   34   25   26   28    0   25   26   47   19   46    5   42   18   27   30   42   29   30   45   45   32   16   28   32   13   47   36   48   42   36   31     25000     75000    150000
2  10        118092     1647800   28   40   25    0   47   38    0   10   40    0   32   43    0   22   45   30   45   48   35   36   37   49    3   30   33   38   42    4    1   15    4    6   49    4   35   28   26   49    7    6   42   32   39    5   49   30    5   29   26   19   18   10   33   34   14   29   33   14   36   46   14    9   39   44    9   20   22   36   35   23   31   12   28   41   23   25   17   31   25   14   13    4   24   26   10   17   46   40   45   47   37   44   41   10   34   16   43   47   24   48   39   11   36   47   21   42   43    8   48   19   48   41   37   27   38   22    2   48   27   44     25000     75000    150000
2  11         57288     1665800   18   38    8    0   46    6   45   45   31   37   23   47    4    1   36    0    7   21   20   35   14   33   39   13   46   33   17   43   26   46    2   27   18   48   44   19    4   48    9    4   37   48   30   47   33   19   32   16   48    5   36   49   42   34   10   28   45   16   10   12   10   25   41   44   47    3    2   40   15   38   44   38   42    7   20   32   22   24   14   22   23   29   30   49   30   30   25   44   29   39   32   39   43   48   48   26   44   27   28   49   34   40   24   49   11   40   47   41   45   32   42   44   31   49   27   29   35   46   43   37     27000     81000    135000
2  12        132269     1780800   48   26   12    0   41   42   17   19    2   41   13   47   44   40   26    1   27   40    3   32   37   45   46   49   13    4   33   20    4   36    9    6    5   35   26    7   46   27   47   11   35   43   10    6   21   36   30   38   49   39   34   29   22   31   34   18   39   18   16   48   45   48    8   49   11   45   22   12   27   47   48   42   23   20   23   25    9   14   24   30   10   25   15   37   38   29   43   32   14   19   32   37   28   49   48   24   21   17   30   31   22   46   38   29   35   39   28   15   42   47   16   36   28   33   44   34   40   44   43   41     89500     50000    103500
2  13        101669     1715550   49   45   24   36   47   40   22   48   41    0   19   42   46   26   40   35   24   38   33    9    8   28   17   12   17   44   13   25   49   48    4    4    2    6    6   21   17   44   14    9   15   34   35   32    5   10   46   20   15   22   37    7   10   41   19   10   43   36   18   28   31   45   11   38   32   49   25   46   44   25   25   47   43   34   29   27   29   49   27   39   39   15   18   42   38    7   23   32   27   35   32   45   48   33   30   45   33   37   31   19   39   26   23   27   30    1   47    3   34   37   36   48   22   16   33   44   47   18   43   46     51750     49725    139275
2  14        146456     1687800   20   29   27   43   42    7    0   36   14    0   38   49   35   43   13   49   19   17   39    8   18    1   48   31    4   47   24    4   39   21   33    9    2    1   49   46   36   48    6   48   34   23    5   31   28    8   47   43    9   46   48   10   47   39   10   40   30   38   40   12   30   28   15    5   10   45   22   22   32   25   23   16   25   41   34   20   49    3   25   35   41   48   22   42   49   20   40   19   24   26   21   46   33   41   32   45   19   36   29   48   27   38   42   25   35   36   34   37   36   33   11   30   49   44   44   44   37   47   26   47     42000     63000    139500
2  15         82789     1811800   17   48    1    0   18   15    0   41   26   35   28   28   36   20   36   16   37   16   16   19   48    4   39    2   45   38    3    4   47   46    4   40    5   36   27   32    6   21   25   39   29   17   19   48   39   10   40    7   34   11   17   10   12   14   10   49   43   10   24   35   14   41    6   14   22   45   38   49   15   36   49   44   43   29   38   22   42   34   30   23   45   20   25   13   44   27   31   13   46   34   31   30   26   34   37   47   30   35   31   47   43   44   13   32   47    7   33   23   44   42   46   26    9   24   44    8   36   47   33   45     34000    135000     81000
2  16         42529     1685800   40   45    1    0   36   42   28   20   44   43   48   37   43   40   47    3   24   33    4    4   28    5   41   43    7   48   34   29   48   21   10   30   38   11   49   29   21   10   41   34   48   23   41   10   48   14    5   42   33   49    9   22   34    6   22   11   35   22   11   38   48   14    8   25   14   17   25   32   46   25   23   24   33   32   15   30   35   40   30   47   49   19   31   39   39   27   27   45   39   45   35   26   20   36    7   12   36   49   32   13   19   18    2   36   46   13   19   26   44   36   31   44   47   16   47   30   49   47   31   37     63000     43500    136500
2  17         67218     1668800   21   46   21    0   26   13    0   27   11   47   36   48   47   43   24   43   12    2    1    4   18    1   39   32   48   49   29   10   12   25   23   42   43   24    6   40    6   33   31   15   28   30   10   44   42   49   22    8   14   10   27   49   20   48   42   38    7   34   46   45   38   14   41   29   33   17   47   16    9   41   22   47   30   19   35   31   16    3   30   35    5   48   36   28   29   20   34   25   19   49   14   41   15   44   32   38   35   40   23   44   33   46   48   45   39   25   34   37   44   39   26   40   45   47   31   36   49   36   44   37     35000     76500    135000
2  18        147588     1567800   49   47   17    0   34   42   40   26   37   20   21   38   44    6   35   22    1   27   49   35   18    0    6    3   29   43   39   46   32   46   41    4   49   33   41   26   48   48   42   16    5   14    5   28   49   46   30   19   36   43   41   35   10    7   45   10   36   25   13   33   23   34   48   28   32   45   49   28   31   29   31   40   44   34   12   39   47   11   24   45   15   33   47    8   49    2   25   33   40   47   36   39   43   28   38   48   36   13   22   45   32   23    4    9   29   27   44   24   25   21   30    9   44   16   27   46   20   38   44   37     30000     70000    140000
2  19        139491     1530300   45   46   12    0   32   36   40   28   44    0   38   13    0   37   38   40    1   34   36   39   42   41   33   43   24    3   37    4   25   15    4   25   29    4    5   14   44   47   20    5    6   48   45   34   35   26   49    8   10   10   49   43   27   24   10   42   17   39   35   28   22   37   11   23   47   31   22   49   33   22    6    2   40   49    7   25   45   18   38    9   48   31   25   23   48   30   45   32   22   40   31   43   19   42   47   26   49   29   46   35   32   47   33   32   27   44   41   30   48   36   39   34   46   21   44    9   16   47   49   41     33750     56250    150000