
1  0         99138       77600    0    1    0    0    1    0    0    1    0    0    1    0    0    1    0    1    1    0    0    1    0    0    1    0    0    1    0    0    1    1    0    1    1    0    1    1    0    1    1    0    1    2    0    1    2    0    1    2    0    1    2    0    1    2    0    1    2    0    1    3    0    1    3    0    1    2    0    1    3    0    2    1    2    3    2    4    3    1    6    3    0    4    3    1    5    3    5   20    2    5      4400     66000     12000
1  1         94526       73750    0    0    1    0    0    1    0    0    1    1    0    1    1    0    1    0    0    1    1    0    1    0    0    1    0    0    1    0    1    1    0    1    1    0    1    1    0    1    1    0    2    1    0    2    1    0    2    1    0    2    1    0    2    1    0    2    1    0    3    1    0    3    1    0    3    1    1    2    1    0    2    2    8    4    2    7    0    3    2    2    3    5    1    3    0    2    4   16    4    2      6250     13125     63750
1  2         96616       52950    0    0    1    0    0    1    0    1    1    0    1    1    0    1    1    0    0    1    0    1    1    0    1    1    0    1    1    1    0    1    1    0    1    1    0    1    1    0    1    2    0    1    2    0    1    2    0    1    2    0    1    2    0    1    2    0    1    3    0    1    2    1    1    2    0    1    3    0    1    2    0    2    2    2    3    2    2    3    1    4    3    1    4    3    4    6    3    4   17    2     12941      5883     64118
1  3        102558      113024    1    0    0    1    0    0    1    0    0    1    0    0    1    0    0    1    1    0    1    0    0    1    0    0    1    0    0    1    1    0    1    1    0    1    1    0    1    1    0    1    2    0    1    2    0    1    2    0    1    2    0    1    2    0    1    2    0    1    3    0    1    2    0    1    3    0    1    3    0    2    2    0    3    1    6    3    1    5    3    3    0    3    1    5    3    4    5    2    2   21     63334     13333      6031
1  4        103069       95796    1    0    0    1    0    0    1    0    0    1    1    0    1    0    0    1    0    1    1    0    0    1    0    0    1    0    1    1    1    0    1    1    0    1    1    0    1    1    0    1    2    0    1    2    0    1    2    0    1    2    0    1    2    0    1    2    0    1    3    0    1    2    1    1    3    0    1    2    0    2    2    0    2    5    6    3    2    2    3    2    2    3    1    5    4    1    4    2    2   20     63684     13158      6316
1  5        102413      107100    0    1    0    0    1    0    1    1    0    0    1    1    0    1    0    0    1    0    0    1    1    0    1    1    0    1    1    1    1    1    1    1    0    1    1    0    1    1    0    2    1    0    2    1    0    2    1    0    2    1    0    2    1    0    2    1    0    3    1    0    3    1    0    3    1    0    2    1    1    2    2    0    2    3    2    3    3    2    1    3    4    1    3    6    0    4    2    5    1   20     13500     63000      7475
1  6         96091      103850    1    0    0    1    0    0    1    0    1    1    0    0    1    0    0    1    0    0    1    0    1    1    0    0    1    0    0    1    1    0    1    1    0    1    1    0    1    1    0    1    2    0    1    2    0    1    2    0    1    2    0    1    2    0    1    2    0    1    3    0    1    2    0    1    3    0    1    2    0    2    2    0    3    1    5    3    3    1    2    4    8    3    2    3    4    1    3    2    3   20     63000     13500      5675
1  7         96411      102178    0    0    1    0    0    1    0    0    1    0    0    1    0    1    1    0    0    1    0    0    1    0    0    1    0    1    1    0    1    1    0    1    1    0    1    1    0    1    1    0    2    1    0    2    1    0    2    1    0    2    1    0    2    1    0    2    1    0    3    1    0    2    1    0    3    1    0    3    1    0    2    2    4    1    3    4    1    3    3    2    3    9    4    2    2    1    4   20    2    2      6304     13043     63914
1  8         97145      107500    0    0    1    0    0    1    0    0    1    0    1    1    0    0    1    0    0    1    0    0    1    0    0    1    0    0    1    1    1    1    1    0    1    1    0    1    1    0    1    2    1    1    2    0    1    2    0    1    2    0    1    2    0    1    2    0    1    3    0    1    3    0    1    3    0    1    2    0    1    2    0    2    1    4    3    5    5    2    0    6    3    2    3    3    2    1    4    3   20    2     12500      5625     65000
1  9         94851      102230    0    0    1    0    0    1    0    0    1    0    0    1    0    0    1    1    0    1    0    0    1    1    0    1    0    0    1    0    1    1    0    1    1    0    1    1    0    1    1    0    2    1    0    2    1    0    2    1    0    2    1    0    2    1    0    2    1    0    3    1    0    2    1    0    3    1    0    2    1    0    2    2    9    4    2    1    3    3    2    2    3    1    3    3    3    1    4   24    1    2      5778     12889     64222
1  10         93702       76002    1    0    0    1    0    0    1    0    0    1    0    0    1    0    1    1    1    0    1    0    1    1    0    0    1    0    0    1    1    1    1    1    0    1    1    0    1    1    0    1    2    0    1    2    0    1    2    0    1    2    0    1    2    0    1    2    0    1    3    0    1    3    0    1    3    0    1    3    0    2    2    0    3    2    2    3    1    3    2    4    8    3    0    6    4    1    2    2    3   18     64000     12669      6333
1  11         91043       94006    0    0    1    0    0    1    0    1    1    0    1    1    1    0    1    0    0    1    0    0    1    0    0    1    0    0    1    1    0    1    1    0    1    1    0    1    1    0    1    2    0    1    2    0    1    2    0    1    2    0    1    2    0    1    2    0    1    3    0    1    3    0    1    2    0    1    2    0    1    2    0    2    2    2    3    1    4    3    2    2    3    6    5    2    0    5    4    2   22    2     13000      5727     64000
1  12         92672      113572    0    0    1    0    0    1    0    1    1    0    0    1    0    1    1    0    0    1    0    0    1    0    0    1    1    0    1    0    1    1    0    1    1    0    1    1    0    1    1    0    2    1    0    2    1    0    2    1    0    2    1    0    2    1    0    2    1    0    3    1    0    3    1    0    3    1    0    3    1    0    2    2    7    5    2    4    1    3    6    1    3    4    1    3    2    1    4   18    1    2      6786     12143     63571
1  13         90777       58074    1    0    0    1    0    0    1    0    0    1    0    0    1    0    1    1    0    1    1    0    1    1    0    1    1    0    1    1    1    0    1    1    0    1    1    0    1    1    0    1    2    0    1    2    0    1    2    0    1    2    0    1    2    0    1    2    0    1    2    2    1    2    0    1    3    0    1    3    0    2    2    0    3    2    2    2    4    8    3    1    4    3    2    2    4    0    4    2    5   15     64194     12903      5806
1  14         92343       60008    1    0    0    1    0    0    1    1    0    1    1    0    1    0    0    1    0    0    1    0    0    1    1    0    1    1    0    1    0    1    1    0    1    1    0    1    1    0    1    1    0    2    1    0    2    1    0    2    1    0    2    1    0    2    1    0    2    1    2    2    1    0    3    1    0    3    1    0    3    2    0    2    3    4    1    2   11    3    3    1    2    3    1    2    4    1    1    2   18    4     65556      5556     12222
1  15         91564      113340    1    0    0    1    0    0    1    0    0    1    1    0    1    0    0    1    0    0    1    0    0    1    1    0    1    0    1    1    1    0    1    1    0    1    1    0    1    1    0    1    2    0    1    2    0    1    2    0    1    2    0    1    2    0    1    2    0    1    3    0    1    3    0    1    3    0    1    3    0    2    2    0    3    1    4    3    2    2    3    0    5    2    4    6    4    1    5    2    2   19     63333     13333      6667
1  16         95186       81718    1    0    0    1    0    0    1    0    1    1    0    1    1    0    0    1    0    0    1    0    0    1    0    0    1    1    0    1    1    0    1    1    0    1    1    0    1    1    0    1    2    0    1    2    0    1    2    0    1    2    0    1    2    0    1    2    0    1    3    0    1    3    0    1    3    0    1    3    0    2    2    0    3    1    4    3    2    2    3    1    5    2    3    9    4    1    2    2    3   18     63714     13143      6286
1  17        100027       71296    1    0    0    1    0    0    1    0    0    1    0    0    1    0    0    1    0    1    1    0    0    1    0    0    1    0    0    1    1    0    1    1    1    1    1    0    1    1    0    1    2    0    1    2    0    1    2    0    1    2    0    1    2    0    1    2    0    1    3    0    1    2    1    1    3    0    1    3    0    2    1    1    3    1    4    3    2    2    3    1    5    3    2    2    3    5    4    2    3   21     65446     12277      5346
1  18         90886       71584    1    0    0    1    0    0    1    1    0    1    0    0    1    0    0    1    1    0    1    0    0    1    1    0    1    0    1    1    0    1    1    0    1    1    0    1    1    1    1    1    0    2    1    0    2    1    0    2    1    0    2    1    0    2    1    0    2    1    0    3    1    0    2    1    0    3    1    0    3    2    0    2    3    2    2    3    4    1    3    4    1    2    6    5    4    2    1    2   20    2     63684      6316     13158
1  19         90813      103272    0    1    0    0    1    0    0    1    0    0    1    1    1    1    0    0    1    1    0    1    0    0    1    0    0    1    0    1    1    0    1    1    0    1    1    0    1    1    0    2    1    0    2    1    0    2    1    0    2    1    0    2    1    0    2    1    0    3    1    0    2    1    0    2    1    0    3    1    0    2    2    0    2    3    2    3    3    1    0    3    7    3    2   10    2    4    1    3    2   19     13000     64000      5948