
1  0         21160       13335    0    0    1    0    0    1    0    0    1    2    1    1    2    1    1    4    3    1    1    4    3     91667     58333    258333
1  1         21142       11250    1    0    0    1    1    0    1    1    0    0    4    3    2    1    0    2    1    2    2    1    4    243750     12500    150000
1  2         21196        6875    0    1    0    0    1    0    4    0    0    0    2    0    0    2    0    1    0    8    4    3    1     65000    250000     91875
1  3         21160        5001    0    0    1    1    0    1    1    0    1    0    0    2    0    0    2    0    2    2    7    7    0      7143    150000    250000
1  4         21016        9287    1    0    0    1    0    0    0    7    0    2    0    0    2    0    0    1    2    4    2    0    5    250000     37143    120000
1  5         21160       16430    1    0    0    1    0    0    1    0    0    2    0    0    1    1    2    2    5    0    1    3    7    250000     60000     95714
1  6         21160       10559    0    1    0    0    1    0    0    1    0    2    1    0    2    1    0    3    1    6    2    3    3    122222    255555     29630
1  7         21034        5001    0    1    0    0    1    1    0    1    1    0    2    0    0    2    0    5    0    7    4    2    0    150000    250000      7143
1  8         21016       13335    1    0    1    1    0    1    1    0    1    2    0    1    2    0    1    0    5    3    2    4    1    241667    150000     16666
1  9         21178        5001    1    0    0    1    1    0    1    1    0    0    7    3    2    0    0    2    0    2    2    0    4    250000      7143    150000
1  10         21124       12451    1    0    0    0    2    0    1    0    0    2    0    0    2    0    0    0    6    1    3    1    8    250000    128723     27660
1  11         21160        5001    1    0    0    0    1    2    0    1    2    2    0    0    0    7    1    2    0    3    4    0    1    250000     57143    100000
1  12         21196        6540    0    1    1    0    1    1    0    2    1    0    1    2    0    1    2    2    0    2    7    3    0    153847      7690    246155
1  13         21142        5001    0    1    0    1    0    2    1    0    2    0    2    0    0    2    0    0    2    3    7    2    2     57143    250000    100000
1  14         21196       15004    0    0    1    0    0    1    0    0    1    0    0    2    0    0    2    5    0    2    4    9    0     60000     95556    250000
1  15         21196        9287    1    0    1    1    0    1    2    0    1    2    0    2    2    0    2    1    5    0    0    4    2     14286    157143    235714
1  16         21034        5001    0    1    1    0    1    2    0    1    2    0    2    2    0    2    2    2    2    0    7    0    0    157143    242857      7143
1  17         21124       11250    1    0    0    0    2    1    1    0    0    0    5    0    2    0    0    1    1    8    4    1    0    250000    100000     56250
1  18         21034        9335    0    1    0    1    0    3    2    0    1    0    2    0    0    2    0    6    0    3    0    4    2    108999    250000     48668
1  19         21016       12668    1    0    0    1    1    0    1    1    0    2    1    0    0    6    3    2    0    2    2    0    4    247334      7667    151333