
2  0         27154        9287    4    0    0    4    1    1    4    2    3    5    2    3    5    3    5    6    3    5    6    4    2    6    4    6    6    5    6    157143     14286    235714
2  1         27100        9287    6    0    0    6    2    2    5    5    2    5    3    3    6    3    3    6    1    1    6    4    4    6    4    4    6    5    5    157143    240000     10000
2  2         27172       24092    1    4    6    0    4    4    3    5    4    3    2    4    5    1    5    5    0    5    2    3    6    6    3    6    6    6    6    231819     18182    154545
2  3         27154        6879    2    0    2    5    1    5    5    3    2    6    3    2    6    4    2    6    4    2    6    5    2    6    5    2    6    6    2    141667    250000     14792
2  4         27172        5001    1    6    5    2    1    5    3    2    6    3    6    6    0    6    6    4    6    6    4    6    6    5    6    6    5    6    6    250000      7143    150000
2  5         27172       19784    1    0    0    2    3    0    3    3    0    4    4    0    5    4    0    5    5    5    6    5    6    6    6    6    6    6    6    260870    119565     26087
2  6         27262        9289    1    6    0    0    5    2    4    3    1    4    3    2    2    3    3    6    5    3    6    5    4    6    5    4    6    5    5    235715    157143     14285
2  7         27172       16669    0    1    0    2    3    0    2    3    0    5    4    0    5    4    0    5    6    6    5    6    6    5    6    6    5    6    6    133333    251666     23334
2  8         27082       11669    3    2    0    6    0    1    5    1    3    5    5    2    4    5    3    6    5    4    6    5    4    6    6    5    6    6    6    153333     80000    173334
2  9         27064        9286    1    4    1    3    6    0    2    3    5    3    3    5    0    3    2    2    4    6    4    4    6    4    5    6    5    5    6     14284    157144    235714
2  10         27064       13812    5    5    3    5    0    3    3    2    3    3    1    3    4    5    4    4    6    4    5    6    4    5    6    4    5    6    6     59524    251190     95238
2  11         27082       18849    3    0    3    3    1    6    3    4    5    3    4    5    3    5    5    3    2    5    5    6    6    5    6    6    5    6    6     69230    253844     84617
2  12         27172        5001    6    6    0    2    5    1    1    5    2    6    6    3    6    6    3    6    6    4    6    6    4    6    6    5    6    6    5      7143    150000    250000
2  13         27190       12393    5    1    2    4    2    0    4    2    3    4    3    3    5    4    5    6    4    5    6    4    1    6    4    6    6    4    6    152173      8696    245654
2  14         27046       15004    0    3    5    1    3    5    2    3    5    3    5    6    4    6    6    4    6    6    5    6    6    5    6    6    6    6    6    250001     83333     72222
2  15         27190        6055    0    6    1    4    5    2    2    5    5    3    5    5    3    5    5    1    5    5    4    6    5    6    6    5    6    6    6    250000    147370     10525
2  16         27172       12145    0    1    2    3    1    2    3    2    2    4    6    2    4    6    2    5    6    5    5    6    5    5    6    6    6    6    6    250000    133214     25357
2  17         27010       13335    6    5    1    6    6    3    2    4    5    0    3    4    1    3    2    6    4    0    6    5    6    6    5    6    6    5    6     58335    150002    199996
2  18         27190        5001    0    6    5    3    2    5    1    1    6    3    6    6    4    6    6    4    6    6    2    6    6    5    6    6    5    6    6    250000      7143    150000
2  19         27064       11669    2    0    3    5    1    5    3    2    5    3    3    6    3    4    6    3    4    6    3    5    6    3    5    6    3    6    6     15476    250000    141667