
1  0         21087       60000    2    5    4    0    6    6    2    5    5    0    0    1    5    2    5    5    3    6    3    3    6    3    3    6    3    3    4    100000     50000    255000
1  1         21087       91000    3    5    2    5    4    5    6    5    6    3    4    6    5    0    1    5    0    6    3    3    6    3    3    5    3    3    4     28000    120000    260000
1  2         21087       58750    4    6    4    0    6    6    4    5    4    0    5    6    3    0    6    2    1    6    3    3    5    3    2    5    3    3    4      6250    237500    162500
1  3         21087       47500    6    0    4    3    2    1    6    5    6    5    2    6    2    5    5    3    0    6    3    3    4    3    3    6    3    3    5     25000    125000    262500
1  4         21087      116875    1    0    6    2    0    5    6    6    6    2    0    6    0    0    5    1    3    6    3    3    4    3    3    5    3    3    4    127500     29375    250000
1  5         21087       52000    0    3    6    2    2    5    0    6    4    2    6    1    5    5    5    5    0    4    3    3    6    3    3    6    3    3    6    108000     44000    253000
1  6         21087       96000    5    6    6    5    6    0    4    3    6    2    0    1    2    5    6    4    3    5    3    3    5    3    3    6    3    3    4    130000     22000    253000
1  7         21087       55000    5    0    1    2    0    6    2    5    6    0    0    5    5    0    5    6    3    4    3    3    6    3    3    6    3    3    4    130000     30000    250000
1  8         21087       36875    1    4    4    6    3    2    6    6    5    1    0    6    6    2    5    0    0    6    5    3    5    3    3    6    3    3    4    127500     61250    219375
1  9         21087       45750    1    1    4    2    0    5    5    6    6    2    0    5    0    1    5    2    2    6    3    3    6    3    3    4    3    3    6     53000    101000    249750
1  10         21087       55000    1    4    6    6    4    4    5    2    4    2    3    5    0    0    6    5    2    6    6    3    6    3    3    5    3    3    4    240000     10000    160000
1  11         21087       92000    5    1    4    6    0    2    6    1    5    6    0    1    6    0    5    6    0    5    4    0    2    3    3    5    3    3    4    220000     50000    143000
1  12         21087       52000    6    5    5    6    2    1    2    2    4    0    0    6    5    0    5    3    5    6    3    3    6    3    3    6    3    3    4     44000    108000    253000
1  13         21087       60000    4    3    4    6    6    1    6    6    5    5    0    6    3    0    5    6    2    6    3    2    6    3    3    5    3    3    4     27500    130000    252500
1  14         21087      160000    6    2    0    4    1    6    2    6    5    6    0    1    5    2    6    6    3    4    6    3    5    3    3    5    3    3    4    168000     46000    191000
1  15         21087       65000    5    0    4    1    1    6    5    4    6    2    0    6    6    3    5    6    6    5    3    3    6    0    3    4    3    3    4    250000         0    150000
1  16         21087       85000    2    5    5    4    5    4    1    6    6    6    6    6    6    3    1    5    0    2    6    0    5    3    3    6    3    3    4     43750    137500    231250
1  17         21087       52000    2    5    1    0    2    4    6    2    6    5    0    6    6    0    4    3    5    5    3    3    6    3    3    5    3    3    6     44000    108000    253000
1  18         21087       36875    1    4    5    0    2    2    6    6    6    1    0    6    5    0    5    6    3    5    3    3    6    6    3    4    3    3    4    127500     61250    219375
1  19         21087       25000    0    4    5    1    2    5    6    1    4    2    2    6    5    5    6    6    0    6    5    1    6    3    3    4    3    3    4    230000     20000    160000