
1  0         91099       56600    0    1    0    0    1    0    1    1    0    1    1    0    1    1    0    1    1    0    1    1    0    1    1    0    1    1    0    0    1    1    0    1    1    1    1    1    1    1    1    2    1    1    1    1    1    2    1    1    0    1    2    2    1    1    0    1    2    2    1    2    1    1    2    2    1    2    1    1    2    1    2    1    1    3    2    2    3    2    1    3    2    2    3    2    1    4    1   12    1   12      4468     65532     13404
1  1         92150       48000    0    1    0    0    1    0    0    1    1    0    1    1    0    1    0    0    1    1    0    1    1    0    1    1    0    1    1    1    1    0    1    1    0    1    1    0    1    1    0    1    1    2    2    1    0    2    1    0    1    1    1    1    1    2    1    1    2    2    1    2    2    1    2    2    1    2    2    1    2    1    2    1    2    3    2    2    3    2    2    3    2    2    3    2    1    4    2   12    1   10     13000     64000      6000
1  2         90772       38578    1    0    0    1    0    0    1    0    1    1    0    1    1    0    1    1    0    1    1    0    1    1    0    1    1    0    1    1    1    1    1    1    0    1    1    1    1    1    0    1    2    0    1    1    2    1    2    0    1    2    0    1    2    0    1    2    0    1    3    0    1    3    0    1    2    1    1    2    1    2    2    0    3    3    0    3    2    2    2    4    7    3    1    4    4    1    2    2    4   14     62857     13571      7143
1  3         91766       56672    1    0    0    1    0    0    1    1    0    1    1    0    1    1    0    1    1    0    1    1    0    1    0    1    1    1    0    1    0    1    1    0    1    1    1    1    1    1    1    1    2    1    1    2    1    1    2    1    1    0    2    1    2    1    1    0    2    1    3    1    1    3    1    1    1    2    1    1    2    2    0    2    3    1    3    3    0    3    3    1    3    3    1    3    3    3    5    2   12    4     60000      8333     15000
1  4         90168       46882    1    0    0    1    0    0    1    0    1    1    0    1    1    0    1    1    0    1    1    0    1    1    0    1    1    0    1    1    1    0    1    1    0    1    1    0    1    1    0    1    1    2    1    2    0    1    1    2    1    1    2    1    1    1    1    2    0    1    2    2    1    2    1    1    2    2    1    2    2    2    1    1    3    2    2    3    2    2    3    2    2    3    2    2    4    1    1    1   12   11     64376     12813      5624
1  5         90466       54000    1    0    0    1    0    0    1    1    0    1    1    0    1    0    1    1    1    0    1    1    0    1    0    1    1    1    0    1    0    1    1    1    1    1    0    1    1    0    1    1    2    1    1    0    2    1    2    1    1    2    1    1    2    1    1    2    1    1    3    1    1    1    2    1    4    1    1    1    2    2    2    1    3    2    2    3    2    2    3    2    2    3    4    1    3    5    4    2    0   11     63000      6500     14000
1  6         91816       52504    0    1    0    0    1    0    0    1    1    0    1    1    0    1    1    0    1    1    0    1    0    0    1    1    0    1    1    1    1    0    1    1    0    1    1    0    1    1    0    1    1    2    1    1    2    1    1    2    1    1    2    2    1    0    1    1    2    2    1    2    2    1    2    2    1    2    2    1    2    1    2    1    2    3    1    3    3    0    2    3    2    2    3    2    1    4    1   12    1   11     12813     64376      5624
1  7         90581       38288    1    0    0    1    0    0    1    1    0    1    1    0    1    1    0    1    1    0    1    1    0    1    1    0    1    1    0    1    0    1    1    0    1    1    0    1    1    0    1    1    3    1    1    2    1    1    2    1    1    2    1    1    2    1    1    3    1    1    2    2    1    2    2    1    2    2    1    2    2    2    1    1    3    1    2    3    1    2    3    1    2    3    1    2    4    1    1    1    7   14     66000      4000     13286
1  8         90419       60000    0    0    1    0    0    1    1    0    1    1    0    1    1    0    1    1    0    1    1    0    1    1    0    1    1    0    1    1    1    1    1    1    1    0    1    1    1    1    1    1    1    1    2    1    1    1    1    1    2    1    1    0    2    1    2    1    1    2    2    1    1    2    1    2    2    1    2    2    1    1    1    2    1    2    3    2    2    3    2    2    3    4    6    2    1    1    4    6    9    2      4517     13548     65483
1  9         91378       63228    0    0    1    0    0    1    1    0    1    0    1    1    1    0    1    0    1    1    0    1    1    0    1    1    0    1    1    1    1    1    1    1    1    1    1    1    1    1    1    1    2    1    1    2    1    1    1    1    1    2    1    1    2    1    2    0    1    2    1    1    2    1    1    2    1    1    2    1    1    2    0    2    3    1    3    3    1    3    3    1    3    5    4    2    0    4    4    5    9    2     13549     10322     59678
1  10         91335       36668    1    0    0    1    0    0    1    0    1    1    0    1    1    0    1    1    0    1    1    0    1    1    0    1    1    0    1    1    1    0    1    1    0    1    1    0    1    1    0    1    1    2    1    1    3    1    1    3    1    2    0    1    1    2    1    1    3    1    2    2    1    2    1    1    2    2    1    2    2    2    1    1    3    2    1    3    2    1    3    2    1    2    6    4    4    1    1    2    9    6     66000     14000      3666
1  11         90174       42860    1    0    0    1    0    0    1    1    0    1    1    0    1    1    0    1    1    0    1    1    0    1    1    0    1    1    0    1    0    1    1    0    1    1    0    1    1    0    1    1    0    2    1    2    1    1    2    1    1    2    1    1    2    1    1    2    1    1    1    2    1    1    2    1    2    2    1    1    2    1    4    5    3    2    2    3    2    2    3    2    2    3    2    2    3    4    5    3    4    5     64286      5714     12857
1  12         90771       40008    0    1    0    0    1    0    0    1    1    0    1    1    0    1    1    0    1    1    0    1    1    0    1    1    0    1    1    1    1    0    1    1    0    1    1    1    1    1    0    2    1    0    1    1    2    1    1    2    1    1    2    1    1    2    1    1    2    2    1    2    2    1    1    2    1    1    2    1    2    1    2    2    2    3    2    2    3    2    2    3    2    2    3    2    5    3    3    9    2    5     13334     63334      6666
1  13         90431       53336    0    1    0    0    1    0    1    1    0    1    1    0    1    1    0    1    1    0    1    1    0    1    1    0    1    1    0    1    1    1    1    1    1    1    1    1    1    1    1    1    1    1    2    1    1    0    1    2    2    1    1    0    1    2    0    1    2    0    1    3    1    1    2    1    1    2    1    1    2    2    2    1    1    3    3    4    3    1    1    3    3    1    3    3    0    4    3   14    1    6      9999     59998     13336
1  14         90198       47704    1    0    0    1    0    0    1    1    0    1    1    0    1    1    0    1    1    0    1    0    1    1    1    0    1    1    0    1    1    1    1    1    1    1    1    1    1    1    1    1    0    2    1    0    2    1    0    2    1    0    2    1    0    2    1    0    2    1    1    2    1    1    2    1    1    2    1    1    2    2    0    2    3    1    3    3    1    3    3    1    3    3    1    3    4    2    2    1   22    1     57078      9385     16461
1  15         91421       46680    1    0    0    1    0    0    1    1    0    1    1    0    1    0    0    1    1    0    1    1    0    1    1    0    1    1    0    1    0    1    1    0    1    1    1    1    1    0    1    1    2    1    1    2    1    1    2    1    1    0    2    1    0    2    1    0    2    1    1    2    1    0    3    1    2    2    1    2    2    2    0    2    3    2    2    3    0    3    3    2    2    3    2    2    3    1    6    2   17    3     63334      6666     13333
1  16         90583       46672    0    1    0    0    1    0    1    1    0    1    1    0    1    1    0    1    1    0    1    1    0    1    1    0    1    1    0    0    1    1    0    1    1    1    1    1    0    1    1    0    1    2    2    1    1    2    1    1    1    1    1    2    1    1    2    1    1    1    1    2    1    1    2    2    1    2    2    1    2    2    2    1    2    3    2    2    3    2    2    3    2    2    3    2    4    3    5    5    2    9      6666     63334     13333
1  17         90097       56176    0    1    0    0    1    0    0    1    1    0    1    1    0    1    1    0    1    1    1    1    0    0    1    1    0    1    1    1    1    0    1    1    1    1    1    1    1    1    1    1    1    2    1    1    2    1    1    2    1    1    2    2    1    0    2    1    0    2    1    1    2    1    1    2    1    1    2    1    1    2    2    0    3    3    1    3    3    1    3    3    1    3    3    1    3    4    0    4    1   17     13405     60000      9787
1  18         90125       89238    0    1    0    0    1    0    1    1    0    0    1    1    1    1    0    1    1    0    1    1    0    1    1    0    1    1    0    1    1    1    1    1    1    1    1    1    1    1    1    1    1    1    1    1    1    1    1    2    1    1    1    1    1    1    1    1    2    1    1    2    1    1    2    2    1    1    1    1    2    2    2    1    1    3    4    1    3    4    2    3    3    1    3    4    2    4    2   12    1    4     14615     55385     12308
1  19         90359       57964    1    0    0    1    0    0    1    1    0    1    0    1    1    0    1    1    0    1    1    0    1    1    0    1    1    0    1    1    1    0    1    1    1    1    1    0    1    1    1    1    1    2    1    1    2    1    1    2    1    1    2    1    1    2    1    1    1    1    2    1    1    2    1    1    3    0    1    3    0    2    2    0    3    3    1    3    3    1    3    3    1    3    3    1    4    2    1    1    5   16     60206     13264      9592