
1  0         93029       70960    1    0    0    1    0    0    1    0    0    1    0    1    1    0    0    1    0    0    1    0    0    1    0    1    1    0    0    1    1    0    1    1    0    1    1    0    1    1    0    1    2    0    1    2    0    1    2    0    1    2    0    1    2    0    1    2    0    1    3    0    1    3    0    1    2    1    1    3    0    2    2    0    3    1    4    3    2    1    3    1    4    3    1    3    3    5    4    2    3   23     66000     12000      4870
1  1        105265      115376    1    0    0    1    0    0    1    0    0    1    0    0    1    0    1    1    0    0    1    0    0    1    0    0    1    0    0    1    1    0    1    1    0    1    1    0    1    1    0    1    2    0    1    2    0    1    2    0    1    2    0    1    2    0    1    2    0    1    2    0    1    2    0    1    2    0    1    3    0    2    2    0    3    2    4    3    2    4    3    1    5    2    4    9    4    1    2    2    5   17     64216     12892      5124
1  2         93479       81954    1    0    0    1    0    0    1    0    1    1    0    0    1    0    0    1    0    0    1    0    0    1    0    0    1    0    0    1    1    0    1    1    0    1    1    0    1    1    0    1    2    0    1    2    0    1    2    0    1    2    0    1    2    0    1    2    0    1    3    0    1    3    0    1    3    0    1    2    0    2    2    0    3    2    2    3    2    2    2    4    9    3    1    5    4    1    2    2    3   21     64634     12683      5366
1  3         90160      118954    1    0    0    1    0    0    1    1    0    1    0    0    1    0    0    1    0    0    1    0    0    1    0    0    1    0    0    1    1    0    1    1    0    1    1    0    1    1    0    1    2    0    1    2    0    1    2    0    1    2    0    1    2    0    1    2    0    1    3    0    1    3    0    1    3    0    1    2    0    2    2    0    3    1    4    2    4    7    3    1    6    3    1    6    4    2    0    2    3   19     64000     13000      5947
1  4         99569      111608    1    0    0    1    0    0    1    0    0    1    0    0    1    1    0    1    0    0    1    0    0    1    0    0    1    0    1    1    1    0    1    1    0    1    1    0    1    1    0    1    2    0    1    2    0    1    2    0    1    2    0    1    2    0    1    2    0    1    3    0    1    2    0    1    2    0    1    3    0    2    2    0    3    2    4    3    2    3    3    1    5    2    4    8    4    1    2    2    3   19     63740     13130      5954
1  5         98100      156616    0    0    1    0    0    1    0    0    1    0    0    1    0    0    1    0    0    1    0    0    1    0    0    1    0    0    1    1    0    1    1    0    1    1    0    1    1    0    1    2    0    1    2    0    1    2    0    1    2    0    1    2    0    1    2    0    1    2    1    1    2    0    1    3    0    1    3    0    1    2    0    2    2    4    3    3    7    2    2    2    3    2    2    3    1    5    4    4   21    2     12844      5692     64312
1  6         90522       96676    0    0    1    0    0    1    0    0    1    0    1    1    0    0    1    0    1    1    0    0    1    0    0    1    0    0    1    1    0    1    1    0    1    1    0    1    1    0    1    2    0    1    2    0    1    2    0    1    2    0    1    2    0    1    2    0    1    3    0    1    3    0    1    2    0    1    3    0    1    2    0    2    1    4    3    1    5    3    5    5    2    2    3    3    0    5    4    4   18    2     12778      5555     64444
1  7         93982       66286    1    0    0    1    0    0    1    0    0    1    1    0    1    0    1    1    0    1    1    0    0    1    0    1    1    0    1    1    1    0    1    1    0    1    1    0    1    1    1    1    2    0    1    2    0    1    2    0    1    2    0    1    2    0    1    2    0    1    3    0    1    2    0    1    3    0    1    2    1    2    2    0    3    3    0    3    1    4    2    3   10    3    1    4    4    2    0    2    3   18     63714     13143      6286
1  8         96067       59762    1    0    0    1    0    0    1    0    1    1    0    0    1    1    0    1    1    0    1    1    0    1    1    0    1    1    0    1    0    1    1    0    1    1    0    1    1    0    1    1    0    2    1    0    2    1    0    2    1    0    2    1    0    2    1    0    2    1    0    3    1    0    3    1    0    3    1    1    2    2    0    2    3    4    1    3    4    1    3    2    2    3    4    1    4    1    2    1   21    5     63000      7119     13500
1  9         91921       58832    0    1    0    0    1    0    0    1    0    0    1    0    0    1    0    1    1    0    1    1    0    1    1    0    1    1    0    0    1    1    0    1    1    0    1    1    0    1    1    0    1    2    0    1    2    0    1    2    0    1    2    0    1    2    0    1    2    2    1    2    0    1    3    0    1    3    0    1    3    0    2    1    2    3    2    6    3    0    1    3    2    4    3    1    6    3    4   17    2    5      5177     66000     12000
1  10         91694       82444    0    0    1    0    0    1    0    1    1    0    1    1    0    0    1    0    1    1    0    0    1    0    1    1    0    0    1    1    0    1    1    0    1    1    0    1    1    0    1    2    0    1    2    0    1    2    0    1    2    0    1    2    0    1    2    0    1    2    0    1    3    0    1    2    0    1    2    1    1    2    0    2    6    4    2    6    3    2    0    8    3    2    1    3    0    4    4    1   17    3     13659      4024     65976
1  11        103349      131224    0    1    0    0    1    0    0    1    0    1    1    0    0    1    0    0    1    0    0    1    0    0    1    0    0    1    1    1    1    0    1    1    0    1    1    0    1    1    0    2    1    0    2    1    0    2    1    0    2    1    0    2    1    0    2    1    0    3    1    0    3    1    0    3    1    0    3    1    0    2    2    0    2    3    4    1    3    3    1    3    5    1    3    1    1    3    9    5    2   19     11500     65500      4889
1  12         92581       70226    0    1    0    0    1    0    0    1    0    0    1    1    0    1    0    0    1    0    0    1    0    0    1    1    0    1    0    1    1    0    1    1    0    1    1    0    1    1    0    2    1    0    2    1    0    2    1    0    2    1    0    2    1    0    2    1    0    3    1    0    3    1    0    3    1    0    3    1    0    2    2    0    1    3    4    2    3    2    1    3    3    1    3    4    0    4    4    7    1   23     12443     65111      5556
1  13         95186      114124    0    0    1    0    0    1    0    0    1    1    0    1    0    1    1    0    0    1    0    0    1    0    0    1    0    0    1    0    1    1    0    1    1    0    1    1    0    1    1    0    2    1    0    2    1    0    2    1    0    2    1    0    2    1    0    2    1    0    3    1    0    3    1    0    2    1    0    2    1    0    2    2    2    2    3    3    2    3    3    2    3   10    3    2    6    0    4   17    4    2      5882     13000     64000
1  14         98225      118800    1    0    0    1    0    0    1    0    0    1    0    0    1    0    0    1    0    0    1    0    0    1    0    0    1    0    0    1    0    1    1    0    1    1    0    1    1    0    1    1    0    2    1    0    2    1    0    2    1    0    2    1    0    2    1    0    2    1    0    2    1    0    2    1    0    2    1    0    2    2    0    2    2    8    5    3    5    1    3    5    1    3    2    3    4    3    1    2   19    5     64800      4600     12600
1  15         91201       90430    0    0    1    0    0    1    0    0    1    0    1    1    0    0    1    0    0    1    0    1    1    0    0    1    0    0    1    0    1    1    0    1    1    0    1    1    2    0    1    0    2    1    0    2    1    0    2    1    0    2    1    0    2    1    0    2    1    0    3    1    0    3    1    0    3    1    0    3    1    0    2    2    6    0    3    6    0    3    2    1    3    3    1    3    3    0    4   20    9    1      5565     11463     65537
1  16         96896       82002    1    0    0    1    0    0    1    1    0    1    0    1    1    0    1    1    0    1    1    0    0    1    0    0    1    0    0    1    1    0    1    1    0    1    1    0    1    1    0    1    2    0    1    2    0    1    2    0    1    2    0    1    2    0    1    2    0    1    2    2    1    2    1    1    3    0    1    2    1    2    2    0    2    4    7    3    2    2    3    2    3    3    2    3    4    2    0    2    2   20     63340     13330      6333
1  17         92831       87768    1    0    0    1    0    0    1    0    0    1    0    0    1    0    0    1    0    1    1    0    0    1    0    1    1    0    0    1    1    0    1    1    0    1    1    0    1    1    0    1    2    0    1    2    0    1    2    0    1    2    0    1    2    0    1    2    0    1    2    0    1    2    1    1    3    0    1    3    0    2    2    0    2    5    5    3    1    4    3    0    7    3    2    2    4    0    4    2    6   17     66000     12000      4471
1  18         92398      535000    0    0    1    0    1    1    0    1    1    0    1    1    0    0    1    0    0    1    1    0    1    0    1    1    0    0    1    1    1    1    1    0    1    0    2    1    1    0    1    2    0    1    2    0    1    1    1    1    2    0    1    2    0    1    2    0    1    3    0    1    3    0    1    2    1    1    2    0    1    2    0    2    3    5    3    6    1    2    1    6    3    1    1    3    0    6    4    4   14    2     13500      7000     63000
1  19         98541       60008    1    0    0    1    0    0    1    0    1    1    0    1    1    0    1    1    0    1    1    0    1    1    0    0    1    0    0    1    1    0    1    1    0    1    1    0    1    1    0    1    2    0    1    2    0    1    2    0    1    2    0    1    2    0    1    2    0    1    3    0    1    3    0    1    3    0    1    3    0    2    2    0    3    1    4    3    0    6    3    3    1    3    3    0    3    3    7    2    2   19     63333     13333      6667