    1    0    0    1    0    0    1    0    0    1    0    1    1    0    0    1    0    0    1    0    0    1    0    1    1    0    0    1    1    0    1    1    0    1    1    0    1    1    0    1    2    0    1    2    0    1    2    0    1    2    0    1    2    0    1    2    0    1    3    0    1    3    0    1    2    1    1    3    0    2    2    0    3    1    4    3    2    1    3    1    4    3    1    3    3    5    4    2    3   23
    1    0    0    1    0    0    1    0    0    1    0    0    1    0    1    1    0    0    1    0    0    1    0    0    1    0    0    1    1    0    1    1    0    1    1    0    1    1    0    1    2    0    1    2    0    1    2    0    1    2    0    1    2    0    1    2    0    1    2    0    1    2    0    1    2    0    1    3    0    2    2    0    3    2    4    3    2    4    3    1    5    2    4    9    4    1    2    2    5   17
    1    0    0    1    0    0    1    0    1    1    0    0    1    0    0    1    0    0    1    0    0    1    0    0    1    0    0    1    1    0    1    1    0    1    1    0    1    1    0    1    2    0    1    2    0    1    2    0    1    2    0    1    2    0    1    2    0    1    3    0    1    3    0    1    3    0    1    2    0    2    2    0    3    2    2    3    2    2    2    4    9    3    1    5    4    1    2    2    3   21
    1    0    0    1    0    0    1    1    0    1    0    0    1    0    0    1    0    0    1    0    0    1    0    0    1    0    0    1    1    0    1    1    0    1    1    0    1    1    0    1    2    0    1    2    0    1    2    0    1    2    0    1    2    0    1    2    0    1    3    0    1    3    0    1    3    0    1    2    0    2    2    0    3    1    4    2    4    7    3    1    6    3    1    6    4    2    0    2    3   19
    1    0    0    1    0    0    1    0    0    1    0    0    1    1    0    1    0    0    1    0    0    1    0    0    1    0    1    1    1    0    1    1    0    1    1    0    1    1    0    1    2    0    1    2    0    1    2    0    1    2    0    1    2    0    1    2    0    1    3    0    1    2    0    1    2    0    1    3    0    2    2    0    3    2    4    3    2    3    3    1    5    2    4    8    4    1    2    2    3   19
    0    0    1    0    0    1    0    0    1    0    0    1    0    0    1    0    0    1    0    0    1    0    0    1    0    0    1    1    0    1    1    0    1    1    0    1    1    0    1    2    0    1    2    0    1    2    0    1    2    0    1    2    0    1    2    0    1    2    1    1    2    0    1    3    0    1    3    0    1    2    0    2    2    4    3    3    7    2    2    2    3    2    2    3    1    5    4    4   21    2
    0    0    1    0    0    1    0    0    1    0    1    1    0    0    1    0    1    1    0    0    1    0    0    1    0    0    1    1    0    1    1    0    1    1    0    1    1    0    1    2    0    1    2    0    1    2    0    1    2    0    1    2    0    1    2    0    1    3    0    1    3    0    1    2    0    1    3    0    1    2    0    2    1    4    3    1    5    3    5    5    2    2    3    3    0    5    4    4   18    2
    1    0    0    1    0    0    1    0    0    1    1    0    1    0    1    1    0    1    1    0    0    1    0    1    1    0    1    1    1    0    1    1    0    1    1    0    1    1    1    1    2    0    1    2    0    1    2    0    1    2    0    1    2    0    1    2    0    1    3    0    1    2    0    1    3    0    1    2    1    2    2    0    3    3    0    3    1    4    2    3   10    3    1    4    4    2    0    2    3   18
    1    0    0    1    0    0    1    0    1    1    0    0    1    1    0    1    1    0    1    1    0    1    1    0    1    1    0    1    0    1    1    0    1    1    0    1    1    0    1    1    0    2    1    0    2    1    0    2    1    0    2    1    0    2    1    0    2    1    0    3    1    0    3    1    0    3    1    1    2    2    0    2    3    4    1    3    4    1    3    2    2    3    4    1    4    1    2    1   21    5
    0    1    0    0    1    0    0    1    0    0    1    0    0    1    0    1    1    0    1    1    0    1    1    0    1    1    0    0    1    1    0    1    1    0    1    1    0    1    1    0    1    2    0    1    2    0    1    2    0    1    2    0    1    2    0    1    2    2    1    2    0    1    3    0    1    3    0    1    3    0    2    1    2    3    2    6    3    0    1    3    2    4    3    1    6    3    4   17    2    5
    0    0    1    0    0    1    0    1    1    0    1    1    0    0    1    0    1    1    0    0    1    0    1    1    0    0    1    1    0    1    1    0    1    1    0    1    1    0    1    2    0    1    2    0    1    2    0    1    2    0    1    2    0    1    2    0    1    2    0    1    3    0    1    2    0    1    2    1    1    2    0    2    6    4    2    6    3    2    0    8    3    2    1    3    0    4    4    1   17    3
    0    1    0    0    1    0    0    1    0    1    1    0    0    1    0    0    1    0    0    1    0    0    1    0    0    1    1    1    1    0    1    1    0    1    1    0    1    1    0    2    1    0    2    1    0    2    1    0    2    1    0    2    1    0    2    1    0    3    1    0    3    1    0    3    1    0    3    1    0    2    2    0    2    3    4    1    3    3    1    3    5    1    3    1    1    3    9    5    2   19
    0    1    0    0    1    0    0    1    0    0    1    1    0    1    0    0    1    0    0    1    0    0    1    1    0    1    0    1    1    0    1    1    0    1    1    0    1    1    0    2    1    0    2    1    0    2    1    0    2    1    0    2    1    0    2    1    0    3    1    0    3    1    0    3    1    0    3    1    0    2    2    0    1    3    4    2    3    2    1    3    3    1    3    4    0    4    4    7    1   23
    0    0    1    0    0    1    0    0    1    1    0    1    0    1    1    0    0    1    0    0    1    0    0    1    0    0    1    0    1    1    0    1    1    0    1    1    0    1    1    0    2    1    0    2    1    0    2    1    0    2    1    0    2    1    0    2    1    0    3    1    0    3    1    0    2    1    0    2    1    0    2    2    2    2    3    3    2    3    3    2    3   10    3    2    6    0    4   17    4    2
    1    0    0    1    0    0    1    0    0    1    0    0    1    0    0    1    0    0    1    0    0    1    0    0    1    0    0    1    0    1    1    0    1    1    0    1    1    0    1    1    0    2    1    0    2    1    0    2    1    0    2    1    0    2    1    0    2    1    0    2    1    0    2    1    0    2    1    0    2    2    0    2    2    8    5    3    5    1    3    5    1    3    2    3    4    3    1    2   19    5
    0    0    1    0    0    1    0    0    1    0    1    1    0    0    1    0    0    1    0    1    1    0    0    1    0    0    1    0    1    1    0    1    1    0    1    1    2    0    1    0    2    1    0    2    1    0    2    1    0    2    1    0    2    1    0    2    1    0    3    1    0    3    1    0    3    1    0    3    1    0    2    2    6    0    3    6    0    3    2    1    3    3    1    3    3    0    4   20    9    1
    1    0    0    1    0    0    1    1    0    1    0    1    1    0    1    1    0    1    1    0    0    1    0    0    1    0    0    1    1    0    1    1    0    1    1    0    1    1    0    1    2    0    1    2    0    1    2    0    1    2    0    1    2    0    1    2    0    1    2    2    1    2    1    1    3    0    1    2    1    2    2    0    2    4    7    3    2    2    3    2    3    3    2    3    4    2    0    2    2   20
    1    0    0    1    0    0    1    0    0    1    0    0    1    0    0    1    0    1    1    0    0    1    0    1    1    0    0    1    1    0    1    1    0    1    1    0    1    1    0    1    2    0    1    2    0    1    2    0    1    2    0    1    2    0    1    2    0    1    2    0    1    2    1    1    3    0    1    3    0    2    2    0    2    5    5    3    1    4    3    0    7    3    2    2    4    0    4    2    6   17
    0    0    1    0    1    1    0    1    1    0    1    1    0    0    1    0    0    1    1    0    1    0    1    1    0    0    1    1    1    1    1    0    1    0    2    1    1    0    1    2    0    1    2    0    1    1    1    1    2    0    1    2    0    1    2    0    1    3    0    1    3    0    1    2    1    1    2    0    1    2    0    2    3    5    3    6    1    2    1    6    3    1    1    3    0    6    4    4   14    2
    1    0    0    1    0    0    1    0    1    1    0    1    1    0    1    1    0    1    1    0    1    1    0    0    1    0    0    1    1    0    1    1    0    1    1    0    1    1    0    1    2    0    1    2    0    1    2    0    1    2    0    1    2    0    1    2    0    1    3    0    1    3    0    1    3    0    1    3    0    2    2    0    3    1    4    3    0    6    3    3    1    3    3    0    3    3    7    2    2   19
