
1  0        101630      534000    1    0    1    1    1    0    0    2    1    2    0    0    1    0    1    1    0    1    1    0    1    2    0    0    0    1    2    1    1    1    1    0    2    2    0    0    1    0    2    0    0    3    1    0    2    0    5    0    1    1    1    3    0    0    1    1    1    0    0    3    1    0    2    0    4    1    1    0    2    1    0    4    0    7    3    3    0    4    4    5    0    4    3    1    4    8    0    4    3    3     36000     18000     30500
1  1        153746      529334    1    0    2    3    0    0    1    1    0    3    0    0    0    1    2    0    2    0    0    2    0    0    1    1    3    0    0    1    1    1    1    0    3    0    1    2    0    2    0    2    0    3    1    1    1    1    1    1    0    2    0    0    1    3    0    2    0    3    0    2    2    1    1    2    1    1    1    2    0    0    2    4    2    4    0    1    3    4    1    3    4    4    3    0    3    3    4    6    2    3     23333     45556     17444
1  2        107083      518002    0    1    1    0    1    1    1    1    1    0    3    0    3    0    0    0    0    2    0    0    2    3    0    0    0    0    2    0    3    0    2    0    1    4    0    0    1    1    1    1    0    2    1    0    2    2    2    0    1    1    1    1    1    1    1    3    0    0    1    2    0    0    3    0    0    3    0    1    2    4    2    0    4    3    2    0    2    5    3    4    2    3    3    2    2    8    0    5    1    4     22666     26667     35000
1  3        148776      537000    0    1    1    0    0    2    0    3    0    1    1    1    1    2    0    1    2    0    2    0    0    2    0    0    0    1    2    1    2    0    2    0    1    3    0    0    0    1    2    1    0    2    0    3    1    2    0    1    2    1    0    1    0    2    0    4    0    2    2    0    1    3    0    0    3    1    2    2    0    2    1    2    0    1    7    2    2    4    3    2    3    4    0    3    5    5    0    2    0    7     31500     23333     30667
1  4        149662      552744    1    1    0    1    0    1    1    1    0    2    0    0    0    1    3    0    2    1    2    0    0    1    1    0    0    3    0    0    2    1    1    0    3    2    0    0    1    1    1    1    2    0    2    1    0    1    1    1    0    2    2    2    0    0    0    1    4    2    0    1    1    2    0    0    4    0    1    2    0    2    1    3    3    0    7    2    1    6    2    4    2    1    6    1    3    3    5    7    0    0     40500     28884     16186
1  5        118620      550000    0    1    1    1    1    0    1    2    0    0    1    2    3    0    0    1    0    2    2    0    1    2    0    1    0    1    2    3    0    0    3    0    0    0    2    0    0    2    0    2    1    0    1    2    0    2    1    0    0    2    1    1    2    0    2    0    2    1    1    2    0    3    0    2    1    0    1    1    2    0    2    3    2    4    0    4    2    2    2    1    7    2    0    9    4    2    5    0    7    0     25000     40000     20000
1  6        144081      158000    1    0    1    0    0    2    2    0    0    0    2    1    2    0    0    2    0    0    0    1    2    1    0    1    0    2    1    2    0    0    0    4    0    1    2    0    1    1    1    0    1    3    1    0    2    1    0    2    2    0    1    0    2    2    0    0    3    2    0    1    1    2    1    1    0    2    0    4    1    1    3    2    2    5    2    1    7    2    3    2    3    3    2    3    5    2    2    7    0    1     36000     18000     27000
1  7        121929      182000    1    0    2    0    1    1    2    0    1    1    0    2    0    2    0    1    0    2    0    2    0    2    0    1    2    0    1    0    2    0    3    0    0    1    1    1    2    0    1    3    0    1    0    1    3    0    0    5    1    1    2    1    2    0    0    2    1    2    1    0    3    0    1    1    1    2    3    0    1    0    4    0    6    1    1    1    4    3    0    6    0    0    5    2    3    2    6    3    4    2     27000     36000     18000
1  8        149598      513896    0    2    1    1    0    1    1    2    0    1    2    0    1    0    1    0    2    1    0    2    1    2    0    0    0    0    2    2    1    0    2    0    1    1    0    2    1    2    0    0    0    3    1    1    1    0    3    1    0    0    3    0    2    2    0    2    2    1    0    2    0    2    2    2    0    1    2    2    0    1    1    3    0    2    6    3    3    2    2    7    1    6    0    1    5    4    1    7    0    1     34632     18684     32105
1  9        142290       53162    1    0    0    1    0    0    1    0    1    1    1    0    1    0    1    1    0    1    1    0    1    1    0    1    1    0    1    1    1    0    1    1    1    1    1    0    1    1    0    1    2    0    1    2    0    1    2    0    1    2    0    1    2    0    1    2    0    1    3    0    1    3    0    1    3    0    1    3    0    2    2    0    3    1    4    3    1    4    3    2    2    3    0    6    4    1    2    1    6   17     62105     13947      7895
1  10        113287      173000    1    0    1    0    3    0    2    0    0    1    0    1    0    1    2    2    0    0    2    0    0    1    0    1    1    2    0    1    0    2    0    0    3    2    0    0    1    2    0    0    2    2    1    1    1    1    3    0    1    0    2    0    3    1    0    2    2    1    2    1    1    1    2    2    0    1    2    0    1    3    1    1    1    3    5    4    2    1    4    2    1    1    4    4    6    1    1    0    7    6     38000     19500     25000
1  11        114229      515000    1    0    0    0    2    2    1    1    0    1    0    2    1    0    2    1    0    2    1    1    1    1    1    1    1    1    0    1    1    1    1    1    0    1    1    0    1    0    3    1    1    1    1    2    0    1    2    0    1    2    0    1    1    2    1    1    2    1    2    1    1    2    0    1    1    4    2    0    0    2    1    3    4    0    1    1    6    5    3    2    3    3    2    2    3    4    2    3    4    2     55000     22500      7500
1  12        110023      523600    0    2    0    0    0    2    0    1    1    2    0    1    0    2    0    2    1    0    2    1    0    0    2    0    0    1    1    0    0    3    2    0    1    0    1    2    1    2    0    1    2    0    1    1    1    1    2    0    1    1    1    0    1    2    2    1    1    2    0    2    1    1    2    2    1    1    1    2    0    0    1    4    2    2    4    4    4    1    5    1    3    3    4    1    5    4    1    2    1    7     21520     34240     28960
1  13        125861      530000    1    1    0    0    2    0    0    2    0    2    1    0    1    0    2    0    1    1    0    1    1    0    2    0    2    0    1    1    0    2    1    0    2    0    1    2    1    1    1    1    1    1    1    1    1    2    0    2    1    1    1    2    1    1    2    0    2    1    2    0    2    2    0    2    2    0    1    0    3    2    3    0    3    5    0    3    2    3    4    0    5    4    2    3    2    6    1    0    2    7     20000     35000     30000
1  14        115151      510250    1    0    1    1    0    1    2    0    1    0    1    1    2    0    1    1    1    1    1    2    0    0    1    1    1    2    0    0    2    1    1    1    1    1    3    0    2    0    1    0    0    2    1    1    1    0    0    2    1    3    0    2    0    1    3    0    1    2    1    1    2    1    1    1    0    2    3    0    1    1    2    2    4    1    3    1    2    4    3    2    3    0    0    6    3    6    2    2   10    0     20250     23875     40500
1  15        136707      566000    2    1    0    1    1    0    0    0    2    0    1    1    0    0    3    0    1    1    1    0    2    5    0    0    2    0    1    1    2    0    2    0    2    0    2    0    0    2    0    0    1    2    4    0    1    2    0    2    0    2    1    0    0    3    0    1    2    2    1    1    4    1    0    4    1    0    2    1    1    3    1    2    1    5    0    1    4    2    0    1    6    1    5    1    4    3    3    0    5    3     15750     38250     31500
1  16        146582      517300    2    0    1    0    1    1    1    1    0    0    2    0    1    1    1    1    0    2    0    1    2    0    2    0    1    1    0    0    2    0    2    1    0    0    2    0    0    2    0    1    1    1    0    2    0    0    0    4    2    1    0    4    0    0    3    0    1    0    2    1    1    1    2    0    1    3    0    1    3    2    0    5    1    5    0    2    2    5    0    6    0    5    0    5    3    4    3   10    0    2     23950     40500     20250
1  17        120602      510000    2    0    0    1    0    1    1    1    0    1    0    2    0    1    2    1    1    0    2    0    0    2    1    0    0    1    2    1    1    1    1    0    2    1    1    1    0    3    0    0    3    0    1    2    0    1    1    1    1    1    2    1    1    1    1    0    3    2    1    0    0    2    2    0    1    3    2    1    0    2    0    4    4    1    3    3    1    5    3    4    0    2    2    5    6    1    2    0   10    0     35000     30000     20000
1  18        111966      523668    2    0    0    1    1    0    1    0    2    1    1    0    2    0    0    1    0    2    1    0    2    0    2    1    0    1    2    1    0    2    0    3    0    2    0    0    1    2    0    1    2    0    0    3    1    0    1    3    0    2    2    0    3    1    2    0    0    2    0    1    2    1    0    2    0    1    1    2    0    1    2    3    2    1    7    5    1    0    0    5    6    3    2    3    2    6    2    6    1    1     40500     26666     18167
1  19        119196      201336    0    1    1    0    1    1    1    2    0    2    0    1    1    2    0    2    0    1    1    2    0    0    1    1    0    3    0    1    1    1    0    0    2    2    0    1    3    0    1    0    0    2    1    1    1    1    1    1    3    0    1    3    2    0    1    1    1    7    0    0    1    3    0    0    1    2    0    4    0    1    0    3    1    0    5    1    5    2    5    4    1    1    4    3    2    3    4    1    0    6     15666     25000     41000