
1  0         90172       80000    0    1    0    0    1    0    0    1    0    0    1    1    0    1    1    0    1    1    0    1    1    0    1    1    0    1    1    1    1    0    1    1    1    1    1    1    1    1    1    1    1    2    1    1    2    2    1    0    2    1    0    1    1    1    1    1    1    2    1    1    2    1    2    2    1    1    2    1    0    1    2    2    5    2    6    3    3    0    6    2    5    2    3    2    4    3    7    1    4    1     12500     65000      5000
1  1         90154       56000    0    1    0    0    1    0    0    1    0    0    1    1    0    1    1    0    1    1    0    1    1    0    1    1    0    1    1    1    1    0    1    1    0    1    1    0    1    1    0    1    1    2    1    1    2    1    1    2    1    1    2    2    1    0    1    1    2    2    1    2    2    1    2    3    1    0    2    1    3    1    2    1    2    3    1    6    2    5    2    3    1    2    3    1    4    3    7    5    3    3     14000     66000      4000
1  2         90172       62400    1    0    0    1    0    0    1    1    0    1    1    0    1    1    0    1    1    0    1    1    0    1    1    0    1    1    0    1    1    1    1    1    1    1    0    1    1    0    1    1    1    1    1    2    1    1    2    1    1    1    2    1    2    1    1    1    1    1    2    2    1    2    2    1    1    2    1    2    2    2    1    1    2    5    6    3    1    2    3    1    2    2    4    6    3    4    5    4    1    1     66000      4000     13200
1  3         90172      144668    1    0    0    1    0    0    1    2    0    1    0    1    1    1    0    1    1    0    1    1    0    1    0    1    1    0    1    1    0    1    1    1    1    1    0    1    1    1    1    1    2    1    0    4    4    1    3    1    1    2    1    1    3    1    1    1    1    1    2    2    1    4    1    1    1    2    1    2    2    1    1    5    3    1    2    1    5    8    3    3    2    4    0    0    4    0    1    4    1    1     60166      5666     16834
1  4         90172      114478    1    1    0    1    1    0    0    2    2    1    0    1    1    0    1    1    0    1    1    0    1    1    0    1    1    0    1    1    1    1    1    1    1    1    1    1    1    0    1    1    2    1    1    2    1    1    1    1    1    1    1    1    1    1    1    1    1    0    3    3    2    1    0    2    0    0    0    3    3    2    3    1    3    1    3    0    7    7    4    1    0    3    3    2    3    4    4    5    1    1     49524     10381     22476
1  5         90172       56000    0    1    0    0    1    0    0    1    1    0    1    0    0    1    0    0    1    1    0    1    1    0    1    1    0    1    0    1    1    0    1    1    0    1    1    0    1    1    1    1    1    3    1    1    2    2    1    0    1    1    2    2    1    0    1    1    2    2    1    2    2    1    2    2    1    2    2    1    2    5    1    4    6    2    5    2    3    1    1    3    4    2    3    1    1    4    1    5    3    4     13200     66000      4000
1  6         90136      120668    1    0    1    1    0    1    1    0    1    0    3    1    1    0    1    1    0    1    1    0    1    1    0    1    1    0    1    1    1    1    1    1    1    1    1    1    1    1    1    1    2    1    1    1    1    1    1    1    1    2    1    1    1    1    1    1    1    2    0    0    1    2    1    1    2    1    1    2    1    2    1    2    3    2    2    3    1    4    2    6    2    2    6    2    3    4    4    4    1    4     50000     16334     16000
1  7         90136      470000    0    1    0    0    1    0    1    1    0    1    1    0    1    1    0    1    1    0    1    1    0    0    1    0    1    1    0    1    1    1    1    1    1    0    1    1    1    1    1    2    1    1    1    1    2    1    1    1    1    1    1    1    1    1    2    1    1    2    1    3    1    1    2    1    2    0    2    1    2    5    1    4    4    2    5    1    3    2    1    3    2    5    2    5    2    3    5    1    4    1      5000     65000     15000
1  8         90172      201716    1    1    0    1    1    0    1    1    0    2    1    0    1    1    0    1    1    0    1    0    3    2    1    0    1    1    0    1    1    1    1    1    1    0    1    1    0    1    1    1    1    1    1    1    1    1    1    1    1    1    1    2    1    1    1    1    1    0    2    0    0    2    0    0    1    2    2    1    2    3    1    4    5    2    5    2    3    2    5    1    7    1    3    2    2    4    2    2    4    3      8000     55000     19286
1  9         90136       77974    1    0    0    1    0    0    1    0    2    1    0    1    1    0    0    1    0    2    1    0    2    1    0    2    1    0    1    1    1    0    1    1    1    1    1    0    1    1    1    1    2    1    1    1    3    1    1    3    1    1    1    1    1    2    1    1    3    1    2    3    1    2    1    1    2    0    1    2    1    2    1    1    3    2    2    3    2    1    3    2    1    3    1    4    3    5    2    2   10    1     65942     14493      3188
1  10         90154       80000    0    1    0    0    1    0    1    1    0    1    1    0    0    1    0    1    1    0    1    1    0    1    1    0    0    1    0    0    1    1    0    1    1    1    1    1    0    1    1    1    1    1    1    1    1    3    1    1    1    1    1    1    1    1    1    1    2    2    1    2    2    1    2    2    1    2    2    1    2    2    2    1    0    3    2    5    2    6    3    3    2    1    3    2    5    3    5    4    3    5      3000     66000     14000
1  11         90172       48000    0    1    0    0    1    0    0    1    1    0    1    1    0    1    1    0    1    1    0    1    1    0    1    1    0    1    1    1    1    0    1    1    0    1    1    2    1    1    0    1    1    2    1    1    2    1    1    3    2    1    0    1    1    2    1    1    2    2    1    2    2    1    1    2    1    2    2    1    2    5    1    4    2    3    1    2    3    1    2    3    1    2    3    1    5    3    4    5    3    3     14000     66000      4000
1  12         90154      105336    1    1    0    1    1    0    1    1    0    1    1    0    1    1    0    1    1    0    1    1    0    1    1    0    1    1    0    1    1    1    1    1    1    1    1    1    1    1    1    1    1    1    1    1    2    1    1    1    2    0    1    1    1    1    1    1    1    1    2    0    1    1    2    1    1    2    1    1    2    1    1    5    3    3    2    2    2    6    2    2    6    3    3    2    4    4    1    3    4    3     32994     33004     16334
1  13         90172      155560    0    1    1    0    1    0    0    1    2    1    1    0    0    1    2    0    1    2    1    1    0    1    1    0    1    1    0    1    1    1    1    1    1    1    1    1    1    1    0    1    1    2    3    0    4    1    1    2    4    0    1    1    1    1    1    1    2    1    1    2    0    2    0    0    2    0    2    1    1    4    1    3    2    3    1    4    2    3    2    3    1    4    2    4    4    3    4    0    5    1     20556     54445      7777
1  14         90172      121820    1    0    1    1    0    1    1    0    1    1    0    1    1    0    1    1    0    1    1    0    1    1    0    1    1    0    1    1    1    1    1    1    1    1    1    1    1    1    1    1    2    1    1    1    1    1    2    1    1    1    1    1    1    1    1    1    1    1    0    2    2    0    1    1    2    1    1    2    1    2    1    2    2    6    2    2    6    2    3    2    3    1    9    1    4    1    4    4    1    4     34091     16364     31818
1  15         90154       64000    0    1    0    0    1    0    1    1    0    1    1    0    1    1    0    1    1    0    1    1    0    1    1    0    0    1    0    1    1    1    0    1    1    0    1    1    1    1    1    1    1    1    3    1    1    1    1    1    2    1    1    1    1    1    0    1    2    2    1    2    2    1    2    2    1    2    2    1    2    4    1    5    1    3    2    1    3    2    5    2    6    1    3    2    5    3    5    1    4    1      4000     66000     13000
1  16         90172       59000    0    0    1    0    0    1    1    0    1    1    0    1    2    0    1    2    0    1    1    0    1    1    0    1    1    0    1    0    1    1    0    1    1    0    1    1    0    1    1    2    1    1    2    1    1    2    1    1    1    1    1    0    2    1    2    1    1    2    2    1    2    2    1    2    2    1    1    2    1    4    5    1    4    6    2    2    2    3    5    6    2    1    2    3    0    1    4    1    1    4      3500     14000     66000
1  17         90172       69600    0    1    0    0    1    0    1    1    0    1    1    0    1    1    0    1    1    0    1    1    0    1    1    0    1    1    0    1    1    1    0    1    1    1    1    1    0    1    1    2    1    1    0    1    2    0    1    2    1    1    1    1    1    1    1    1    1    1    1    2    3    1    2    2    1    2    2    1    2    1    2    1    1    3    2    5    2    6    2    3    2    1    3    2    6    3    4    4    3    5      4000     66000     13200
1  18         90118      121456    0    1    1    2    1    0    0    1    1    0    1    1    0    1    1    3    1    0    0    1    1    0    1    1    0    1    1    1    1    1    1    1    1    1    1    1    1    1    1    1    1    1    2    2    0    1    1    1    1    0    2    2    2    0    2    2    0    1    0    2    1    0    2    1    0    2    1    2    1    2    3    1    5    4    1    4    3    2    0    1    5    3    4    2    5    3    3    1    1    6     16728     26544     39456
1  19         90172      114000    0    1    0    1    1    0    1    1    0    2    1    0    1    1    0    2    1    0    1    1    0    2    1    0    2    1    0    0    1    1    0    1    1    1    1    1    1    1    1    2    1    1    1    1    1    0    1    2    2    1    1    2    1    1    1    1    1    1    1    2    0    2    0    1    1    2    0    1    2    2    1    4    4    2    4    3    2    5    3    2    5    1    4    0    2    4    2    3    3    5      8000     55000     19200