
2  0         18104      601500    0    1    4    1    3    4    2    4    3    5    6    5    6    5    6    5    6    5    260000    160000
2  1         18135      165000    2    3    3    3    0    5    1    5    4    6    4    6    5    6    5    6    6    6    250000    150000
2  2         19375      586500    0    2    1    2    3    4    3    4    4    5    5    5    6    5    6    6    6    6    250000    175000
2  3         19087      165000    3    0    4    2    5    3    3    5    4    5    4    1    5    6    6    6    6    6    150000    250000
2  4         19087      593500    2    0    3    0    3    1    4    1    4    6    5    6    5    6    5    6    6    6    260000    168000
2  5         18590      616500    1    0    2    0    3    3    4    3    5    4    5    4    6    6    6    5    6    5    292500    112500
2  6         18858      531501    0    2    1    2    3    6    3    5    4    5    4    5    5    6    6    6    6    6    250000    156667
2  7         18333      165000    0    3    1    3    3    4    2    4    5    4    5    6    5    6    6    6    6    6    250000    150000
2  8         18976      153750    0    6    1    4    2    6    3    4    3    5    6    4    6    5    6    5    5    5    255000    156250
2  9         18531      165000    3    2    3    0    5    3    5    4    5    4    5    1    5    6    6    6    6    6    150000    250000
2  10         18302       65000    4    6    2    3    0    3    1    5    5    3    4    5    5    6    6    6    6    6    250000    150000
2  11         18778       67002    0    3    1    4    2    3    6    5    5    4    6    4    6    3    5    6    6    5    234000    166666
2  12         18590      660592    1    0    3    0    4    3    4    3    5    5    2    5    6    5    6    5    6    6    287273    128181
2  13         18181      596500    0    5    1    2    4    2    4    3    3    5    6    3    6    5    6    5    6    5    255000    160000
2  14         18451      165000    3    0    3    1    4    3    4    2    4    5    5    5    5    6    6    6    6    6    150000    250000
2  15         18628      199001    1    3    2    3    6    3    0    4    6    4    6    5    5    5    6    4    6    5    234000    166667
2  16         18531       67002    1    3    0    3    2    3    5    4    5    4    6    4    6    5    6    5    6    6    234000    166666
2  17         18312      165000    0    3    1    3    2    5    3    4    5    4    5    4    6    5    6    6    6    6    250000    150000
2  18         18400      165000    0    5    3    5    1    6    2    4    3    4    6    5    4    5    6    5    6    6    250000    150000
2  19         18678      251667    3    0    4    1    4    2    6    5    3    3    6    5    6    4    6    5    6    6    146667    256666