
1  0         62866      558000    1    1    1    0    1    0    1    1    1    0    1    0    1    0    1    0    1    0    1    1    1    1    1    1    1    1    1    2    1    2    1    1    1    1    1    1    1    1    1    2    1    2    1    2    1    2    2    1    3    3    2    5    3    2    3    2    3    3    3    4     68000     16000
1  1         61133      500000    0    1    0    1    0    1    0    1    0    1    0    1    0    1    0    1    0    1    1    1    1    1    1    1    1    1    1    1    1    1    2    1    1    1    2    1    2    1    2    1    3    1    2    1    2    1    0    2    6    2    1    3    3    3    6    2    0    4    4    3     15000     70000
1  2         62981      520000    1    0    1    0    1    0    1    0    1    0    1    0    1    0    1    0    1    0    1    1    1    3    1    1    1    1    1    1    1    2    1    1    1    2    1    1    1    2    1    2    1    2    1    2    1    2    2    0    3    1    2    6    3    2    3    2    3    4    3    4     70000     15000
1  3         60396      539572    0    1    0    1    1    1    1    1    0    1    1    1    0    1    0    1    0    1    1    1    1    1    1    1    1    1    1    1    1    1    1    1    2    1    2    1    1    1    5    0    2    1    2    1    2    1    1    2    2    3    5    2    4    2    2    3    1    4    1    4     19144     65214
1  4         62495      182002    1    0    1    0    1    0    1    0    1    0    1    0    1    0    1    0    1    0    1    1    1    1    1    1    1    1    1    1    1    1    1    1    1    1    1    2    1    2    1    2    1    2    1    2    1    2    2    2    3    2    2    6    3    1    2    5    4    0    3    6     66000     16333
1  5         60073      546000    1    0    1    0    1    0    1    0    1    0    1    1    1    0    1    0    1    0    1    1    1    1    1    1    1    1    1    1    1    2    1    1    1    2    1    1    1    2    1    2    1    2    1    2    1    2    2    2    2    5    3    2    3    2    3    2    3    3    3    4     68000     16000
1  6         60800      557836    0    1    0    1    0    1    0    1    0    1    0    1    0    1    0    1    0    1    1    1    1    1    1    1    1    1    1    1    1    1    1    1    4    0    4    0    2    1    2    1    2    1    2    1    2    1    2    2    2    3    4    3    2    3    2    3    1    4    4    3     20250     63167
1  7         63694      167432    1    0    1    0    1    0    1    0    1    0    1    0    1    0    1    0    1    0    1    1    1    1    1    1    1    1    1    1    1    2    1    2    1    2    1    1    1    1    1    2    1    2    1    2    1    2    2    2    3    2    3    2    2    5    2    5    4    1    3    4     65858     16571
1  8         65078      510000    1    0    1    0    1    0    1    1    1    0    1    0    1    0    1    0    1    1    1    1    1    1    1    1    1    1    1    1    0    5    1    1    1    1    1    1    1    1    1    2    1    2    1    2    1    2    2    1    3    2    2    5    3    2    3    3    4    1    3    4     65500     18000
1  9         67928      188000    0    1    0    1    0    1    0    1    0    1    0    1    0    1    0    1    0    1    1    1    1    1    1    1    1    1    1    1    1    1    1    1    5    0    2    1    1    1    2    1    2    1    2    1    2    1    4    1    6    2    2    3    0    4    1    3    1    4    5    3     18000     63000
1  10         64394      550000    1    0    1    0    1    0    1    0    1    0    1    0    1    0    1    0    1    1    1    1    1    1    1    1    1    1    1    1    1    1    1    1    1    1    1    2    0    7    1    2    1    2    1    2    1    2    2    2    2    5    3    2    3    3    3    1    4    0    3    3     70000     15000
1  11         63184      200000    1    0    1    0    1    0    1    0    1    0    1    0    1    0    1    0    1    0    1    1    1    1    1    1    1    1    1    2    1    2    1    1    1    1    1    1    1    2    1    2    1    2    1    2    1    2    2    2    3    3    3    1    2    6    3    1    3    4    3    4     66000     16500
1  12         61957      152500    0    1    0    1    0    1    0    1    0    1    0    1    0    1    0    1    0    1    1    1    1    1    1    1    1    1    2    1    1    1    1    1    1    1    2    1    1    1    2    1    2    1    2    1    2    1    1    2    2    3    2    3    2    3    5    2    2    4    8    2     16750     65500
1  13         61632      526000    0    1    0    1    0    1    0    1    0    1    0    1    0    1    0    1    0    1    1    1    1    1    1    1    1    1    2    1    1    1    1    1    2    1    2    1    1    1    2    1    2    1    2    1    2    1    1    2    2    3    2    3    6    2    5    2    2    4    3    3     15500     68500
1  14         67041      550750    0    1    0    1    0    1    0    1    0    1    0    1    0    1    0    1    0    1    1    1    1    1    1    1    1    1    2    1    1    1    2    1    2    1    2    1    1    1    2    1    2    1    2    1    2    1    1    2    2    3    2    3    5    2    4    2    2    4    4    3     20125     63250
1  15         63270      514446    0    1    0    1    0    1    0    1    0    1    0    1    0    1    0    1    0    1    1    1    1    1    1    1    1    1    1    1    1    1    2    1    1    1    1    1    1    1    2    1    2    1    3    1    2    1    2    2    2    3    2    3    5    2    2    3    5    3    4    3     16666     65557
1  16         67502      551002    0    1    0    1    1    1    0    1    1    1    0    1    1    1    0    1    0    1    1    1    1    1    1    1    1    1    1    1    2    1    1    1    4    0    2    1    1    1    2    1    2    1    2    1    2    1    1    2    2    3    2    3    2    3    4    2    1    4    4    3     20250     63167
1  17         60822      122002    1    0    1    0    1    0    1    0    1    0    1    0    1    0    1    0    1    0    1    1    1    1    1    1    1    1    1    1    0    6    1    1    1    1    1    2    1    1    1    2    1    2    1    2    1    2    2    1    3    2    3    2    2    6    3    2    4    0    3    5     66000     16333
1  18         63430      155000    0    1    0    1    0    1    0    1    0    1    0    1    0    1    0    1    0    1    1    1    1    1    1    1    1    1    1    1    1    1    1    1    1    1    2    1    2    1    2    1    2    1    2    1    6    0    1    2    2    3    1    3    3    3    2    3    5    3    4    3     16500     66000
1  19         61686      595600    1    0    1    0    1    0    1    0    1    1    1    0    1    0    1    0    1    0    1    1    1    1    1    1    1    2    1    1    1    1    1    1    1    1    1    2    1    1    1    2    1    2    1    2    1    2    2    1    3    2    3    3    2    5    3    3    4    1    2    6     64800     20400