
1  0         21196        9289    0    1    1    0    1    1    0    1    2    3    0    2    0    2    2    5    0    1    1    4    0    157143    235715     14285
1  1         21016        9287    1    0    1    1    0    1    1    0    2    0    3    2    2    0    2    2    2    1    2    4    0    235714    157143     14286
1  2         21016        9287    0    1    1    0    1    1    0    2    1    0    2    2    0    2    2    5    1    0    4    0    2    157143     14286    235714
1  3         21160        5001    0    1    0    1    1    0    1    1    0    0    2    0    0    2    0    0    2    2    7    0    7      7143    250000    150000
1  4         21160       11250    0    1    1    1    0    1    1    0    1    1    1    2    1    1    2    1    3    2    4    3    0    162500    150000     93750
1  5         21232        9286    1    0    1    1    0    1    1    0    2    0    3    2    0    3    2    2    2    1    4    1    0    235714    157144     14284
1  6         21178        6540    0    1    1    0    1    1    0    2    1    0    1    2    0    1    2    2    0    2    7    3    0    153847      7690    246155
1  7         21178        5001    1    0    0    1    0    1    1    0    1    2    0    0    2    0    0    2    2    0    0    7    7    250000    150000      7143
1  8         21016       10457    1    0    0    0    2    0    1    0    0    2    0    0    2    0    0    2    1    6    1    6    3    250000    127273     28788
1  9         21016        5001    0    0    1    1    0    1    1    0    1    0    0    2    0    0    2    0    2    2    7    7    0      7143    150000    250000
1  10         21196        6055    1    0    0    1    0    1    1    0    1    2    0    0    2    0    0    0    5    6    2    4    1    250000    147370     10525
1  11         21196       10239    1    1    0    1    1    0    1    1    0    2    1    0    2    1    0    0    4    5    2    0    4    245238      9524    152381
1  12         21016        5001    0    1    0    1    1    0    1    1    0    0    2    0    0    2    0    0    2    2    7    0    7      7143    250000    150000
1  13         21160       10239    0    1    1    0    1    1    0    1    1    0    1    2    0    1    2    5    4    0    4    0    2    152381      9524    245238
1  14         21214        5003    1    0    0    1    0    1    1    0    2    2    0    1    2    0    1    2    2    0    0    7    4    246667    153333      6667
1  15         21034        6540    0    1    1    0    1    1    0    2    1    0    1    2    0    1    2    2    0    2    7    3    0    153847      7690    246155
1  16         21178        6540    0    1    1    0    1    1    0    2    1    0    1    2    0    1    2    2    0    2    7    3    0    153847      7690    246155
1  17         21124       11250    1    0    0    0    2    1    1    0    0    0    5    0    2    0    0    1    1    8    4    1    0    250000    100000     56250
1  18         21034        9287    1    1    0    1    1    0    0    1    1    2    2    0    2    2    0    3    2    1    0    0    7    147143    102857    157143
1  19         21142       16925    0    0    1    0    0    1    0    0    1    3    1    1    0    0    2    4    1    2    2    7    1     48077    107692    250000