
2  0         27100     1284000    5    5    3    6    6    3    6    6    4    6    5    4    5    3    3    4    2    3    1    2    0    0    0    0    0    0    0    270000    130000     92500
2  1         27010     2089418    6    6    4    3    5    1    1    6    5    6    5    4    3    4    1    3    2    0    0    0    0    0    0    0    0    0    0    166667    377917     44166
2  2         27010     1146957    6    6    3    4    6    2    5    6    6    5    6    5    5    4    4    3    3    2    1    2    0    0    0    0    0    0    0    257273    203636     28182
2  3         27100     1436500    3    3    5    6    4    5    6    6    5    5    6    5    6    3    1    4    4    1    2    2    0    0    0    0    0    0    0    300000    100000    125000
2  4         27010     1161501    6    4    4    6    3    5    6    6    6    6    5    4    5    5    3    4    1    3    3    2    0    0    0    0    0    0    0    205714    260000     17143
2  5         27280     1845500    2    6    6    1    5    5    6    6    5    6    5    5    4    3    2    3    4    1    0    0    0    0    0    0    0    0    0    193000    307000     62000
2  6         27190     1491500    6    2    6    6    3    6    5    6    5    5    4    6    3    4    3    4    2    2    1    0    0    0    0    0    0    0    0    346666     76666    106668
2  7         27010     1844000    6    6    5    6    2    4    5    6    5    6    5    3    3    5    1    4    1    2    0    0    0    0    0    0    0    0    0    325000     62500    175000
2  8         27100     1145731    6    5    1    6    5    4    6    6    5    6    4    5    3    5    1    4    3    3    1    2    0    0    0    0    0    0    0    211923    252308     21538
2  9         27100     1476500    6    4    6    5    5    6    6    6    5    6    4    5    5    3    4    2    3    2    1    0    0    0    0    0    0    0    0    275000    250000         0
2  10         27010     1164000    6    4    3    5    5    1    6    6    6    6    6    5    3    5    4    1    3    1    4    2    1    0    0    0    0    0    0    150000    307500     35000
2  11         27280     1476500    6    6    6    5    6    5    5    5    6    6    5    3    3    5    2    4    2    4    1    0    0    0    0    0    0    0    0    255000     15000    245000
2  12         27010     1491500    6    4    6    5    3    6    6    5    6    5    6    5    4    3    4    3    2    2    1    0    0    0    0    0    0    0    0    270000    110000    150000
2  13         27118      851500    5    5    2    6    3    2    6    5    6    6    6    6    5    5    3    3    4    4    4    3    2    1    0    0    0    0    0    281667     81666     86667
2  14         27190     1857125    6    6    4    6    3    1    6    5    6    6    5    5    4    2    5    4    3    1    0    0    0    0    0    0    0    0    0    180625    250000    127500
2  15         27010     1451500    5    6    4    6    3    3    5    6    6    6    5    5    6    5    3    4    6    1    2    0    0    0    0    0    0    0    0    260000     20000    240000
2  16         27172     2231500    5    3    1    6    6    6    5    2    6    6    5    4    4    1    2    3    0    0    0    0    0    0    0    0    0    0    0    350000    100000    150000
2  17         27100     1501500    5    4    6    6    6    6    6    5    6    5    6    5    3    3    4    2    4    2    1    0    0    0    0    0    0    0    0    255000    245000     10000
2  18         27010     1242918    6    1    6    6    3    4    6    5    6    5    5    6    3    4    3    4    2    1    5    2    0    0    0    0    0    0    0    268583    131417     98084
2  19         27118      771500    6    3    4    6    2    6    5    6    6    6    5    5    5    3    5    3    4    4    4    2    2    1    0    0    0    0    0    300000    100000     50000