
1  0         91066       77458    1    0    0    1    0    0    1    1    0    1    1    0    1    1    0    1    1    0    1    1    0    1    1    0    1    1    0    1    1    1    1    0    1    1    1    1    1    1    1    1    0    2    1    1    2    1    1    2    1    1    2    1    1    2    1    0    2    1    1    2    1    1    2    1    1    2    1    1    2    2    1    2    3    1    3    3    1    3    3    1    3    3    1    3    4    1    2    1   18    2     59273     10727     13818
1  1         90775       70000    1    0    0    1    0    0    1    1    0    1    1    0    1    0    0    1    1    0    1    0    0    1    1    0    1    0    1    1    0    1    1    0    1    1    0    1    1    0    1    1    2    1    1    0    2    1    0    2    1    0    2    1    0    2    1    0    2    1    1    2    1    0    3    1    1    2    1    0    3    2    0    2    3    2    2    3    5    0    3    4    1    2    4    6    4    0    2    2   19    3     64000      6000     13000
1  2         90155       89060    0    0    1    0    0    1    0    1    1    0    0    1    1    0    1    0    0    1    0    0    1    1    0    1    0    1    1    0    1    1    0    1    1    0    1    1    0    1    1    0    2    1    0    2    1    0    2    1    0    2    1    0    2    1    0    2    1    0    3    1    0    2    1    1    2    1    0    3    1    0    2    2    1    2    3    6    0    3    2    2    3    9    4    2    2    1    4   19    3    2      5947     13000     64000
1  3         92213       80000    1    0    0    1    0    0    1    1    0    1    1    0    1    1    0    1    1    0    1    1    0    1    1    0    1    0    1    1    1    1    1    1    1    1    1    1    1    1    1    1    2    1    1    2    1    1    1    1    1    1    1    1    1    1    1    1    1    1    0    3    1    3    1    1    0    3    1    1    2    2    2    0    3    1    3    3    2    2    3    0    4    3    2    2    3    5    4    2    8    7     61428      8572     12856
1  4         90262       98286    0    1    0    0    1    0    0    1    0    0    1    0    0    1    1    0    1    0    1    1    0    0    1    0    0    1    0    0    1    1    0    1    1    0    1    1    0    1    1    0    1    2    0    1    2    0    1    2    0    1    2    0    1    2    0    1    2    0    1    2    0    1    2    0    1    3    0    1    3    0    2    2    3    3    2    6    2    5    2    3    2    7    3    0    2    4    1   21    2    3      5381     64000     13000
1  5         90058      106090    0    0    1    0    0    1    0    1    1    1    0    1    1    0    1    0    1    1    1    0    1    1    0    1    1    0    1    0    1    1    1    1    1    1    1    1    1    1    1    1    1    1    1    1    1    1    1    1    1    2    1    1    2    1    1    2    1    2    2    1    1    2    1    1    2    1    1    2    1    0    3    2    1    3    3    4    5    2    1    3    3    3    1    3    2    2    4   12    2    2     11304     13478     58697
1  6         90182       43580    1    0    0    1    0    0    1    0    1    1    0    1    1    0    1    1    0    1    1    0    1    1    0    1    1    0    1    1    1    0    1    1    1    1    1    1    1    1    0    1    2    0    1    1    2    1    1    2    1    2    0    1    1    2    1    1    2    1    2    1    1    2    2    1    2    2    1    2    1    2    1    1    3    2    2    3    2    2    3    2    2    3    2    2    4    1    1    1   12    9     63571     13214      6429
1  7         91028       86678    0    1    0    0    1    0    1    1    0    0    1    0    1    1    0    1    1    0    0    1    0    0    1    0    1    1    0    0    1    1    0    1    1    0    1    1    0    1    1    1    1    2    0    1    2    1    1    2    0    1    2    1    1    2    0    1    2    1    1    2    2    1    2    1    1    2    2    1    2    0    2    2    0    3    3    1    3    3    0    3    3    4    3    1    5    3    4   19    2    2      6667     63333     13333
1  8         91152      101336    0    0    1    0    0    1    0    0    1    0    0    1    0    0    1    0    0    1    0    0    1    0    0    1    0    0    1    1    1    1    1    1    1    1    1    1    1    1    1    1    1    1    1    2    1    2    1    1    2    1    1    2    1    1    2    1    1    2    2    1    3    2    1    3    2    1    2    2    1    2    1    2    3    2    3    3    6    2    3    2    3    3    6    2    2    5    3    2    1    4       667     16000     65999
1  9         91495       94000    1    0    0    1    0    0    1    0    0    1    0    0    1    0    1    1    0    0    1    0    1    1    1    0    1    0    1    1    1    0    1    1    1    1    1    1    1    1    1    1    2    1    1    1    2    1    1    1    1    2    1    1    1    1    1    1    1    1    2    1    1    2    2    1    1    3    1    2    2    2    1    1    2    5    6    3    2    2    3    2    2    3    2    2    3    5    4    3    5    4     64000     12000      7000
1  10         90481       80000    1    0    0    1    0    0    1    0    0    1    1    0    1    1    0    1    1    0    1    1    0    1    1    0    1    1    0    1    0    1    1    0    1    1    1    1    1    1    1    1    2    1    1    1    1    1    1    1    1    1    1    1    1    1    1    1    1    1    0    3    1    2    2    1    2    2    1    2    2    2    2    1    2    4    6    3    2    2    3    2    2    2    5    6    4    1    1    3    5    5     65714      4286     12857
1  11         90150       77144    1    0    0    1    0    0    1    0    0    1    0    0    1    0    0    1    0    0    1    0    0    1    0    0    1    0    0    1    1    1    1    1    1    1    1    1    1    1    1    1    1    2    1    1    2    1    1    2    1    1    2    1    1    2    1    1    2    1    2    2    1    1    3    1    3    0    1    2    2    2    1    1    2    7    3    2    7    3    3    2    2    3    1    4    4    1    2    3    5    4     64292     11428      7140
1  12         90651       61442    0    1    0    0    1    0    1    1    0    0    1    0    0    1    1    1    1    0    1    1    0    1    1    0    1    1    0    0    1    1    0    1    1    0    1    1    0    1    1    2    1    1    0    1    2    0    1    2    1    1    2    0    1    2    0    1    2    0    1    3    0    1    3    1    1    2    0    1    3    0    2    2    7    2    4    4    3    1    2    3    2    4    3    1    0    4    2   16    2    3      7094     63000     13499
1  13         90726       68428    1    0    0    1    0    0    1    0    1    1    0    0    1    0    1    1    0    1    1    0    0    1    0    1    1    0    0    1    1    1    1    1    0    1    1    1    1    1    1    1    1    1    1    2    0    1    1    1    0    5    5    1    1    1    1    1    2    1    2    2    1    2    2    1    2    2    1    2    2    2    1    1    3    2    2    3    2    2    3    2    2    3    2    2    4    1    1    2    9    7     64738     12632      5262
1  14         91778       74000    0    0    1    0    0    1    1    0    1    1    0    1    1    0    1    2    0    1    1    0    1    1    0    1    0    1    1    1    1    1    1    1    1    0    1    1    1    1    1    1    1    1    2    1    1    2    1    1    2    1    1    1    1    1    2    1    1    1    2    1    1    2    1    1    2    1    1    2    1    1    1    2    2    6    2    3    2    3    2    6    2    3    2    3    4    1    4    3    5    3      7000     16000     60000
1  15         90794       76668    1    0    0    1    0    0    1    0    0    1    0    0    1    1    0    1    0    1    1    0    0    1    0    0    1    1    0    1    0    1    1    1    1    1    0    1    1    1    1    1    0    2    1    2    1    1    2    1    1    2    1    1    2    1    1    2    1    1    1    2    1    1    2    1    2    2    1    2    2    2    1    1    3    2    2    3    2    2    3    2    2    2    5    6    3    4    5    3    6    4     64168      6250     12499
1  16         90808       75432    0    1    0    0    1    0    0    1    0    0    1    0    0    1    0    0    1    0    0    1    0    0    1    0    1    1    0    0    1    1    0    1    1    0    1    1    0    1    1    0    1    2    0    1    2    0    1    2    0    1    2    0    1    2    0    1    2    2    1    2    0    1    3    0    1    3    0    1    3    0    2    1    4    3    1    7    3    0    4    2    6    4    3    1    4    3    5   16    3    1      4572     66000     12000
1  17         90947      116170    0    0    1    0    0    1    0    0    1    0    0    1    0    1    1    0    1    1    0    1    1    0    0    1    0    1    1    0    1    1    0    1    1    0    1    1    0    1    1    0    2    1    0    2    1    0    2    1    0    2    1    0    2    1    0    2    1    0    2    1    0    3    1    0    2    1    0    3    1    0    2    2    5    1    3    5    1    3    3    1    3    4    1    3    2    1    4   23    5    1      6527     13293     63414
1  18         90318       88258    0    0    1    0    0    1    0    0    1    0    0    1    1    0    1    1    0    1    0    0    1    0    0    1    0    0    1    1    1    1    1    1    1    1    1    1    1    1    1    0    2    1    1    1    1    1    1    1    0    2    1    2    1    1    1    1    1    2    2    1    2    2    1    2    2    1    2    2    1    1    1    2    2    2    3    2    2    3    2    1    3    6    6    2    1    1    4    9    9    2      4411     12058     65882
1  19         90216      105336    0    1    1    0    1    1    0    1    1    0    1    1    0    1    1    0    1    1    0    1    1    0    1    1    0    1    1    1    1    1    1    1    1    1    1    1    1    1    1    1    1    1    1    1    1    2    1    1    1    1    1    1    1    1    1    1    1    2    1    1    2    1    1    2    1    1    2    0    2    1    2    2    4    2    3    6    2    2    2    3    3    2    3    3    5    4    2    3    4    3     16333     33167     32833