
1  0         92485       50860    0    1    0    0    1    0    0    1    1    0    1    1    0    1    1    0    1    0    0    1    1    0    1    1    0    1    1    1    1    0    1    1    0    1    1    0    1    1    0    2    1    0    1    1    2    2    1    0    2    1    0    2    1    0    2    1    0    3    1    0    3    1    0    3    1    0    3    1    0    1    2    1    6    2    4    2    3    2    2    3    1    1    3    4    0    4    4    3    2   18     13140     63716      6286
1  1         90735       63444    1    0    0    1    0    0    1    1    0    1    0    1    1    0    0    1    0    1    1    0    0    1    0    0    1    0    1    1    1    0    1    1    0    1    1    0    1    1    0    1    2    0    1    2    0    1    2    0    1    2    0    1    2    0    1    2    0    1    3    0    1    3    0    1    3    0    1    3    0    2    2    0    3    2    2    3    1    4    3    1    4    3    0    6    4    0    4    1    7   19     63549     13124      6557
1  2        100220       50864    0    0    1    0    0    1    1    0    1    0    1    1    0    1    1    0    1    1    0    1    1    0    1    1    0    1    1    1    0    1    1    0    1    1    1    1    1    0    1    1    2    1    2    0    1    2    0    1    2    0    1    2    0    1    2    0    1    3    0    1    2    1    1    3    0    1    2    1    1    2    0    2    1    4    3    2    2    3    3    0    3    5    5    2    2    1    4    1   19    2     13714      7428     62572
1  3         93268       43538    0    1    0    0    1    0    0    1    1    0    1    1    0    1    1    0    1    1    0    1    1    1    1    0    0    1    1    1    1    1    1    1    1    1    1    0    1    1    1    2    1    0    2    1    0    2    1    0    2    1    0    2    1    0    2    1    0    2    1    1    2    1    1    2    1    1    2    1    1    2    2    0    3    3    0    2    3    2    3    3    0    2    3    2    2    4    0    3    1   25     13530     62941      7059
1  4         98787       63280    1    0    0    1    0    0    1    0    1    1    0    2    1    0    1    1    0    1    1    0    1    1    0    1    1    0    1    1    1    1    1    1    0    1    1    0    1    1    0    1    2    0    1    2    0    1    2    0    1    2    0    1    2    0    1    2    0    1    3    0    1    2    1    1    3    0    1    3    0    2    2    0    3    2    2    3    2    3    3    3    0    3    1    4    4    1    3    1    4   20     60910     14545      8045
1  5         90584       53492    1    0    0    1    0    0    1    1    0    1    1    0    1    1    0    1    0    1    1    1    0    1    1    0    1    1    0    1    0    1    1    0    1    1    0    1    1    1    1    1    0    2    1    0    2    1    0    2    1    0    2    1    0    2    1    0    2    1    0    3    1    0    3    1    0    3    1    0    3    2    0    2    3    6    0    3    2    2    3    5    0    3    0    3    4    2    1    1   20    5     62558      7442     13721
1  6         90425       64618    0    1    0    0    1    0    1    1    0    0    1    1    1    1    0    1    1    0    0    1    1    1    1    0    0    1    1    1    1    1    1    1    1    0    1    1    0    1    1    0    1    2    0    1    2    0    1    2    0    1    2    0    1    2    0    1    2    1    1    2    1    1    2    1    1    2    1    1    2    1    2    2    2    3    2    6    2    4    4    3    1    0    3    3    1    4    2   18    2    1      7949     61281     14360
1  7        101397       63878    1    0    0    1    0    0    1    0    1    1    1    0    1    0    1    1    0    1    1    1    0    1    0    1    1    1    0    1    1    0    1    1    1    1    1    0    1    1    0    1    2    0    1    2    0    1    2    0    1    2    0    1    2    0    1    2    0    1    3    0    1    2    1    1    2    1    1    2    1    2    2    0    3    0    6    3    1    3    2    5    5    3    2    2    4    1    2    2    3   16     62903     13549      7097
1  8         93425       53598    1    0    0    1    0    0    1    1    0    1    1    0    1    1    0    1    1    0    1    1    0    1    0    0    1    1    0    1    0    1    1    0    1    1    0    1    1    0    1    1    0    2    1    0    2    1    0    2    1    0    2    1    0    2    1    0    2    1    1    2    1    0    3    1    2    2    1    1    2    2    1    1    3    4    1    3    1    2    3    3    1    3    2    2    4    1    1    1   20    9     65628      5235     12186
1  9         98414       56924    0    0    1    0    0    1    1    0    1    1    0    1    1    0    1    0    0    1    1    0    1    1    0    1    1    0    1    0    1    1    0    1    1    0    1    1    1    1    1    0    2    1    2    1    1    1    2    1    0    2    1    2    1    1    0    2    1    1    2    1    2    2    1    1    2    1    0    3    1    1    1    2    5    5    2    0    3    3    2    2    3    2    2    3    4    0    4   12    6    2      6154     13077     63846
1  10         91749       46370    0    0    1    0    0    1    1    0    1    1    0    1    1    0    1    1    0    1    1    0    1    1    0    1    1    0    1    0    1    1    2    0    1    3    0    1    1    1    1    0    2    1    2    1    1    0    2    1    2    1    1    0    2    1    2    1    1    1    2    1    1    2    1    1    2    1    2    2    1    2    1    2    4    1    3    2    2    3    4    1    3    3    1    3    2    1    4    1   16    1      6687     13121     63377
1  11         90932       49000    0    0    1    0    0    1    0    1    1    0    1    1    0    1    1    0    1    1    0    1    1    0    1    1    0    1    1    1    1    1    1    1    1    1    1    1    1    1    1    2    0    1    2    0    1    2    0    1    1    1    1    1    2    1    2    0    1    2    1    1    2    1    1    2    1    1    2    1    1    0    4    2    2    2    3    1    4    3    1    4    3    6    3    2    1    3    4    9    4    2     14000      7500     62000
1  12         93845       58700    0    1    0    0    1    0    1    1    0    1    1    0    1    1    0    1    1    0    1    1    0    0    1    1    1    1    0    0    1    1    0    1    1    1    1    1    1    1    1    2    1    1    0    1    2    0    1    2    0    1    2    0    1    2    0    1    2    1    1    2    1    1    2    1    1    2    1    1    2    0    2    2    3    3    2    1    3    3    1    3    3    1    3    3    2    4    2   20    1    3      8688     57542     16229
1  13         92208       44328    0    1    0    0    1    0    0    1    1    0    1    1    0    1    1    0    1    1    0    1    1    0    1    1    0    1    1    1    1    0    1    1    1    1    1    0    1    1    0    2    1    0    2    1    0    2    1    0    2    1    0    2    1    0    2    1    0    2    1    1    2    1    1    2    1    2    3    1    0    2    2    0    2    3    2    3    3    0    3    3    0    4    2    7    2    4    1    1    2   20     13514     62973      7027
1  14         97450       55264    0    0    1    0    0    1    0    1    1    1    0    1    0    1    1    0    1    1    1    0    1    0    1    1    1    0    1    0    1    1    1    1    1    0    1    1    1    1    1    0    2    1    0    2    1    0    2    1    0    2    1    0    2    1    0    2    1    0    3    1    1    2    1    1    2    1    1    2    1    0    2    2    4    1    3    4    1    3    2    2    3    4    1    3    3    1    4   17    5    1      8557     14845     60309
1  15         97002       45344    1    0    0    1    0    0    1    0    1    1    0    1    1    0    1    1    0    1    1    0    1    1    0    1    1    0    1    1    1    0    1    1    0    1    1    1    1    1    0    1    2    0    1    2    0    1    2    0    1    2    0    1    2    0    1    2    0    1    2    1    1    2    1    1    2    0    1    2    2    2    2    0    3    3    0    3    3    0    3    3    0    3    3    0    3    2   10    2    2   20     63334     13333      6333
1  16         94060       53346    1    0    0    1    0    0    1    1    0    1    1    0    1    1    0    1    1    0    1    0    0    1    1    0    1    1    0    1    0    1    1    0    1    1    0    1    1    1    1    1    0    2    1    0    2    1    0    2    1    0    2    1    0    2    1    0    2    1    0    3    1    0    3    1    1    2    1    1    2    2    2    1    3    0    3    2    5    5    3    0    3    3    7    0    4    4    0    2   15    4     63333      6667     13334
1  17         92403       50000    0    0    1    0    0    1    1    0    1    1    0    1    1    0    1    1    0    1    1    0    1    1    0    1    1    0    1    1    1    1    1    1    1    1    1    1    0    1    1    0    2    1    0    2    1    0    2    1    0    2    1    0    2    1    0    2    1    1    2    1    0    3    1    1    2    1    0    3    1    0    2    2    2    2    3    0    3    3    3    1    3    3    2    3    4    0    4   18    6    1      7500     13750     62500
1  18         90159       54142    0    1    0    0    1    0    0    1    1    0    1    1    0    1    1    0    1    1    0    1    0    0    1    1    0    1    0    1    1    0    1    1    0    1    1    0    1    1    0    1    1    2    2    1    0    2    1    0    2    1    0    2    1    0    1    1    2    2    1    2    2    1    2    3    1    0    2    1    2    0    2    3    3    3    0    2    3    2    1    3    4    3    3    0    1    4    1    9    1   17     12328     64345      6159
1  19         92111       53338    0    1    0    0    1    0    1    1    0    1    1    0    1    1    0    1    1    0    1    1    0    1    1    0    1    1    0    1    1    1    1    1    1    0    1    1    1    1    1    0    1    2    0    1    2    2    1    1    2    1    1    0    1    2    1    1    1    1    1    2    1    1    2    1    1    2    1    1    2    2    2    1    4    3    1    4    3    1    3    2    6    2    3    2    4    4    0    4    2   10      6667     63333     13333