
2  0         85072      700750    0   15    1   10    2   11    3   12    4   13    5   13    6   14    7   14    8   27    9   15   10   29   11   16   12   17   13   29   14   18   15   18   16   19   17   19   18   20   19   20   20   21   21   21   22   22   23   22   23   23   24   23   24   24   24   24   25   24   25   25   25   25   26   25   26   26   26   26   27   26   27   27   29   27   28   27   29   28   28   28   28   29   29   29     74250     14625
2  1         85190      869600    0    9    1   10    5   11    3   12    4   13   14   13    6   14    7   14    8   15    2    5   10   16   11   16   12    8   13   17    9   18   15   18   16   19   17   19   18   20   19   20   20   21   21   21   22   22   23   22   23   23   24   23   24   24   29   24   25   24   25   25   25   25   26   25   26   26   26   26   29   26   27   27   27   27   28   27   28   28   28   28   28   29   29   29     68400     23400
2  2         87784      743500    0    1    1   10    2   27    3   12    4   13    5   13    6   14    7   22    8   15    9   16   29   29   11   16   12   13   13   17   14   19   15   18   16   19   17   19   18   20   19   20   20   21   21   21   22   22   23   22   23   23   24   23   24   24   24   24   25   24   25   25   25   25   26   25   26   26   26   26   27   26   10   27   27   27   28   27   28   28   29   28   28   29   29   29     74250     14625
2  3         84501      875340    0    9   29   10    2   11    3   12    4   13    5   13    6   14    7   14    8   15    9   15   10   16   11   14   12   17   13   12   14   18   15   18   16   19   17   19   18   20   19   20   20   21   21   21   22   22   23   22   23   23    1   23   24   24   24   24   25   24   25   25   25   25   26   25   26   26   26   26   27   26   27   27   27   27   28   27   28   28   28   28   29   29   29   29     69999     22334
2  4         84388      786004    0    9   24   10   29   11   29   12    4    1    5   13    6   14    7   14    8   28    9   15   10   16   11   29   12   17   13   14   14   18    2   18   16   19   17   19   18   20   19   20   20   21   21   21   22   22   23   22   23   23   24   23   24   24    1   24   25   24   25   25   25   25   26   25   26   26   26   26    3   26   27   27   27   27   28   27   28   28   15   28   28   29   29   29     69999     22334
2  5         84082      747500    0    9    1   10    2   11    3   12    4   13    5   13    6   18    7   14    8   15    9   15   10   16   11   25   12   24   13   17   14   18   15   18   16   19   17   19   18   20   19   20   20   21   21   21   22   22   23   22   23   23   24   23   24   24   24   24   29   24   25   25   25   25   26   25   26   26   26   26   27   26   27   27   27   27   29   27   28   28   28   28   28   29   29   29     74250     14625
2  6         86496      852000   10    9   22   28    2   14    3   12    4    3    5   13    6   14    0   14    8   22    9   15   29   14   11   16   12   17   13   17   14   18   15   18   16    1   17   19   18   20   19   20   20   21   21   21    7   22   23   22   23   23   24   23   24   24   24   24   25   24   25   25   25   25    1   25   26   26   26   26   27   26   27   29   27   27   28   27   29   28   28   28   28   29   29   29     72000     21000
2  7         85897      830670    8    9    1   10    2   11    3   12    4   13    5   13    6   14    7    8   25   18    9   15   10   16   11   16   12   17   13   17    0   29   15   18   16   19   17   19   18   20   19   20   20   21   21   21   22   22   23   22   23   23   24   23   24   24   24   24   25   24   25   25   28   25   26   25   26   26   26   26   27   26   27   27   29   27   28   27   14   28   29   28   28   28   29   29     69999     22334
2  8         87090     1277000   16    5    9    9    4    2    3   15    0   13   17   11    6   23    7   14    8   15   11   21   10    9   28   17    7    8   13   17   14    2   15   18   16    4   17   19   18   20   19   20   20    0   21   21    5   22   12   22   23   22   24   23    1   24   24   24   25   24   27   25   25   25   26   25   26   25   26   26    7   26   27   27   22   27   28   27   29   28   28   28   29   29   29   29     72000     31500
2  9         85383      824670    0    9    1   10    2   11    3   12    4   13    5   13    6   14    7   12    8   28    9   15   10   16   11   16   12   17   13   17   14   13   15   18   16   19   17   19   18   20   19   20   20   21   21   21   22   22   23   22   23   23   24   23   29   24   24   24   25   24   25   25   25   25   26   25   26   26   26   26   27   27   27   27   27   27   29   28   28   28   28   28   28   29   29   29     69999     22334
2  10         85095      824000   29    9   15   28   29   11    3   12    4   13    5   13    6   10    7   14    8    3    0    6   10   16   11   16   12    1   13   17   14   26   15   18   16   19   17   19    9   20   19   20   20   21   21   21   22   22    2   22   23   23   24   23   24   24   24   23   25   24   25   25    9   25   26   25   26   26    1   26   29   26   27   27   27   27   28   27   18   28   28   28   28   29   29   29     63000     27000
2  11         85676      920000    1    6   14    8   22   11    0   12   29   13    5   13    2   14    7   14    8   10    9   15    6   16   11    0   12   17   13   17   10   18   15   13   16   19   17   13   18   20   19   20   20   21   21   21    3   22   23   22   23   23   24   23   24   24   24   24   25   24   25   25   25   25   26    8   26   26   26    3   27   26   29   27   27   27    4   27   28   28   28   28   28   29   29   29     72000     21000
2  12         84591      866000   29    9    1   29    2   11    0   12    4   13    5   13    6   14    7   14    8   15    9   15   26   16   11   16   12   17   13   17   14    0   15   18   16   19   17   19   18   20   19   20   20   21   21   21   22   22   23   22   23   23    3   23   24   24   24   24   25   24   25   25   25   25   26   25   29   26   26   26   27   26   27   27   10   27   28   27   28   28   28   28   28   29   29   29     72000     21000
2  13         84180      869600    0    9    1   10   29   11    2   12    4   13    5   13    6   14    7    4    8   15    9    3   10   21   11   16   12   22   13   17   14   18   15   18   16   19   17   19   18   20   19   20   20   21   21   21   22   22   23   22   23   23    3   23   24   24   24   24   29   24   25   25   25   25   26   25   26   26   26   26   27   26   27   27   27   27   28   27   28   28   28   28   28   29   29   29     68400     23400
2  14         86581      870668    0    9    1   10    2   11   13   12    4   13    5   13    6   16    7   14    8   10   29   15   10   16   11   16   12   17   29   20   14    6   15   18   16   19   17   19   18   20   19   20   20   21   21   21   22   22   23   22   23   23   24   23   24   24   24   24   25   24    9   25   25   25    3   25   26   26   26   26   27   26   27   27   27   27   28   27   28   28   28   28   28   29   29   29     69999     22334
2  15         85383      830670    0   14    1   29    2   11   29   12    4   10    5   13    6    1    7    3    8   15    3   15   10   16   11   16   12   17   13   22   14   18   15    9   16   19   17   19   18   20   19   20   20   21   21   21   22   22   23   22   23   23   24   23   24   24   24   24   25   24   25   25   25   25   26   25   26   26   26   26    9   26   27   27   27   27   28   27   29   28   28   28   28   29   29   29     69999     22334
2  16         84190      906000    0    9    1   10    2    2    3   12    4   13    5   13   29   14    7   14    8   15    9   15   10   16   11   16   12   21   13   17   14   24   15   18   16   19   17   19   18   20   19   20   20   21   21   21   22   22   23   22   23   23   24   23   24   24   24   24    6   24   25   25   25   25   26   25   26   26   26   26   27   26   27   27   27   27   29   27   28   28   28   28   28   29   29   29     72000     21000
2  17         85689      663500   29    9   29   11    9    9    3   12    0   13    5   13    1    6    7   14    8   15    4   24   10   16   11   20   12   26   13   17   14   18   15   18   16   19   17   19   18   20   19   20   20   21   21   21   22   22   23   22   23   23    6   23   24   24   24   24   25   24   25   25   25   25    2   25   26   26   26   26   27   26   27   27   27   27   28   27   28   29   28   29   28   29   29   29     72000     15750
2  18         84694      729750    0   28    1   10    2   11   29   12    4   13    5    8    6   14    7   14    8   15    9   15   10   16   11   16   12   17   13   26   14    0   15   18   16   19   17   19   18   20   19   20   20   21   21   21   22   22   23   22   23   23   24   23   24   24   24   24   25   24   25   25   25   25    3   25   26   26   26   26   27   26   27   27   27   27   28   27   28   28   28   28   29   29   29   29     74250     14625
2  19         86167      745250    0    9    1   10    2   11    3   12    4   13    5   13    6   14    7   14    8   17    9   15   10   24   11   16   12   13   13   17   14   18   15   18   16   19   17   19   18   20   19   20   20   21   21   21   22   22   23   22   23   23   29   23   24   24   24   24   25   24   25   25   25   25   26   25   26   26   26   26   27   26   27   27   27   27   28   27   28   28   29   28   28   29   29   29     74250     14625