
1  0         21080       75625    6    5    6    4    2    6    6    3    4    5    0    1    2    2    5    3    5    6    3    0    5    3    3    6    3    3    4     31250    125000    259375
1  1         21030      115000    5    0    6    2    3    0    5    6    4    6    0    6    2    3    5    6    3    1    3    3    4    3    3    5    3    3    6    143000     10000    255000
1  2         21077       56875    1    5    6    5    0    6    1    0    2    6    0    6    5    0    6    0    3    4    3    3    5    3    3    5    3    3    4    127500     30625    250000
1  3         21206       62000    5    6    5    4    0    2    4    1    3    6    5    6    0    2    6    5    3    6    6    0    5    6    3    1    3    3    4    148000     51000    204000
1  4         21069      121250    1    6    4    6    3    5    1    0    5    0    0    6    6    0    5    6    0    6    3    3    2    3    3    6    3    3    4    125000     31250    250000
1  5         21105       56875    1    2    6    1    4    4    2    2    6    0    0    6    6    0    5    5    3    5    6    3    5    3    3    6    3    3    4    127500     61250    219375
1  6         21097       65000    2    4    6    6    1    6    5    4    4    1    3    5    5    3    5    0    0    6    6    3    6    3    3    4    3    3    4    250000         0    150000
1  7         21085      110500    0    6    4    1    2    6    5    6    2    1    3    6    5    3    6    0    0    5    3    3    6    3    3    5    3    3    4    126500     22000    264000
1  8         21037      133500    2    6    1    5    1    4    5    3    4    2    0    6    0    6    6    0    3    5    3    3    5    3    3    6    3    3    6    130000     15000    265500
1  9         21078       25625    5    6    6    5    5    6    2    5    4    2    0    1    0    0    6    2    3    6    2    3    5    3    3    5    3    3    4     65000     92500    251875
1  10         21078       61000    0    1    4    1    4    6    6    5    4    5    0    6    6    0    5    5    3    6    3    3    6    2    3    5    3    3    4    234000      8000    162000
1  11         21055      185000    4    5    6    5    5    2    4    4    6    0    3    5    6    0    1    3    0    4    3    3    6    3    3    5    3    3    6     50000     87500    262500
1  12         21014      107500    4    6    1    6    2    0    4    0    2    6    0    6    5    6    6    5    3    6    3    3    5    3    3    5    3    3    4    150000     12500    250000
1  13         21005      235000    5    5    1    6    5    4    6    6    6    0    0    2    0    0    6    3    3    5    3    3    6    3    3    5    3    3    4     80000     45000    275000
1  14         21095       61875    6    5    1    4    4    6    4    5    5    5    0    6    5    0    6    3    0    6    3    0    2    3    0    5    3    3    4    112500     50000    246875
1  15         21075       65000    4    2    6    2    3    6    4    4    5    0    0    1    2    3    5    6    0    5    3    0    6    3    3    4    3    3    6    100000     50000    250000
1  16         21019       55000    6    0    6    2    5    6    0    0    5    2    0    1    3    3    5    5    0    6    5    3    4    3    3    6    3    3    4    130000     30000    250000
1  17         21149       63750    4    5    2    4    0    5    1    2    6    5    0    6    0    5    5    1    3    6    3    3    6    5    3    4    3    3    6    127500     61250    220000
1  18         21044      101250    5    0    6    5    0    6    2    0    4    6    2    5    2    0    5    0    3    6    3    3    6    3    3    1    3    3    4    125000     31250    250000
1  19         21083       65000    6    5    2    5    1    5    6    6    0    5    0    1    6    5    5    6    3    6    3    3    4    3    3    6    3    5    4    150000         0    250000