
2  0         27806        5001    1    5    0    2    5    1    6    6    2    6    6    3    6    6    3    6    6    4    6    6    4    6    6    5    6    6    5      7143    150000    250000
2  1         28098        9287    2    5    0    0    5    3    3    5    3    3    5    2    1    5    4    2    6    4    4    6    1    4    6    6    5    6    6     14286    157143    235714
2  2         27762        6540    0    2    6    1    2    6    2    3    6    3    4    5    3    1    5    4    0    6    4    6    6    5    6    6    5    6    6    246155      7690    153847
2  3         27262       10527    1    0    5    5    2    1    1    3    5    1    3    5    1    4    5    6    4    6    6    5    6    1    6    6    6    6    6     24737    250000    131316
2  4         27597        9287    6    4    5    2    1    1    5    2    0    6    3    3    6    3    3    6    0    4    6    4    4    6    5    5    6    5    5    157143    107143    142857
2  5         28088        6540    0    0    6    1    1    6    2    2    6    3    3    5    3    2    5    4    4    6    4    6    6    5    6    6    5    6    6    246155      7690    153847
2  6         27269        5003    6    6    0    3    6    1    2    6    2    1    5    3    4    5    3    6    6    4    6    6    4    6    6    5    2    6    5      6667    153333    246667
2  7         27824        5003    0    2    6    1    2    5    2    4    6    3    3    5    3    1    6    4    6    6    4    6    6    5    6    6    5    6    6    246667      6667    153333
2  8         27287        8750    0    6    0    1    5    1    2    6    2    3    6    3    3    5    3    4    6    4    4    6    4    6    6    5    2    6    5      6250    156250    243750
2  9         27784       10628    2    5    0    5    5    1    5    5    6    5    6    3    5    6    3    5    6    4    5    6    4    5    6    2    5    6    5     15625    141667    250000
2  10         27892        5003    6    0    2    5    1    6    5    2    3    6    3    6    6    3    1    6    4    4    6    4    2    6    5    6    6    5    6    153333    246667      6667
2  11         27630        5001    0    1    5    1    2    5    2    5    5    3    5    5    3    5    5    4    5    6    4    5    6    6    5    6    6    5    6    250000      7143    150000
2  12         27828       11669    6    5    0    1    3    1    2    5    2    3    5    3    0    5    3    4    6    4    6    6    4    6    4    5    6    6    5    160000    153333     93334
2  13         28281        5001    2    1    5    6    0    6    6    2    5    6    3    6    6    3    6    6    4    6    1    4    6    6    5    6    6    5    6      7143    250000    150000
2  14         27687       10628    5    0    6    2    1    6    5    6    5    5    3    5    5    3    5    5    4    6    5    4    6    5    2    6    5    5    6     15625    250000    141667
2  15         27709       10628    2    6    0    5    6    6    5    5    2    5    5    3    5    5    3    5    6    4    5    6    4    5    6    1    5    6    5     15625    141667    250000
2  16         27359        5001    5    0    2    5    1    1    6    2    6    6    3    6    6    3    6    6    4    6    6    4    6    6    5    6    6    5    6    150000    250000      7143
2  17         28235        5001    5    1    0    5    2    1    5    5    2    5    5    3    5    5    3    6    5    4    6    5    4    6    5    6    6    5    6    150000      7143    250000
2  18         27417        5001    0    2    6    1    6    6    2    6    5    3    1    5    3    6    6    4    6    6    4    6    6    5    6    6    5    6    6    250000      7143    150000
2  19         27190       13335    1    3    0    0    4    1    2    5    2    6    5    3    6    5    3    6    6    4    6    6    4    6    6    5    6    6    5     83332    150002    174999