
1  0        101592       73406    1    0    0    1    0    0    1    0    1    1    1    0    1    0    1    1    1    0    1    1    0    1    0    1    1    0    1    1    1    1    1    1    1    1    1    0    1    1    0    1    2    0    1    2    0    1    2    0    1    2    0    1    2    0    1    2    0    1    3    0    1    3    0    1    2    0    1    2    2    2    2    0    3    1    4    3    1    4    3    3    0    3    0    6    4    1    3    1    5   17     60302     14849      8556
1  1        116937       50262    0    1    0    0    1    0    1    1    0    1    1    0    1    1    0    1    1    0    0    1    0    1    1    0    1    1    0    0    1    1    0    1    1    0    1    1    0    1    1    0    1    2    0    1    2    0    1    2    0    1    2    0    1    2    0    1    2    2    1    2    1    1    2    2    1    2    1    1    2    0    2    1    2    3    2    2    3    2    4    2    6    2    3    2    0    4    2   20    2    3      5641     64359     12821
1  2         99331       50000    0    1    0    0    1    0    0    1    1    0    1    1    0    1    1    0    1    1    0    1    1    0    1    1    1    1    0    1    1    0    1    1    1    0    1    2    1    1    1    1    1    2    2    1    0    2    1    0    2    1    0    2    1    0    2    1    0    3    1    0    3    1    0    2    1    1    3    1    0    2    2    0    3    3    0    3    3    0    2    3    2    3    2    8    1    4    2    2    2   17     13750     62500      7500
1  3        100040       52230    1    0    0    1    0    0    1    0    1    1    0    0    1    1    0    1    0    1    1    0    1    1    0    1    1    0    1    1    1    1    1    1    0    1    1    0    1    1    0    1    2    0    1    2    0    1    2    0    1    2    0    1    2    0    1    2    0    1    3    0    1    3    0    1    3    0    1    2    1    2    2    0    3    2    2    2    4    7    3    1    4    3    2    2    4    1    2    2    2   18     63000     13500      7055
1  4         96931       45346    0    1    0    0    1    0    0    1    1    0    1    0    0    1    1    0    1    1    0    1    1    0    1    1    0    1    1    1    1    0    1    1    1    1    1    0    1    1    0    2    1    0    2    1    0    2    1    0    2    1    0    2    1    0    2    1    0    2    1    2    2    1    1    2    1    1    2    1    1    2    2    0    3    3    0    3    3    0    3    3    0    3    2   10    2    4    0    2    2   20     13333     63334      6333
1  5         99160       56480    0    1    0    0    1    0    1    1    0    1    1    0    1    1    0    0    1    1    1    1    0    0    1    1    1    1    0    0    1    1    1    1    1    0    1    1    0    1    1    0    1    2    0    1    2    0    1    2    0    1    2    0    1    2    0    1    2    1    1    2    1    1    2    0    1    3    0    1    3    0    2    2    2    3    2    1    3    2    2    3    2    7    2    4    4    4    0   18    2    2      7060     62940     13530
1  6        115920       67924    0    0    1    0    0    1    0    1    1    1    0    1    0    1    1    0    1    1    0    1    1    1    0    1    0    1    1    1    0    1    0    2    1    1    0    1    1    0    1    2    0    1    2    0    1    2    1    1    2    0    1    2    0    1    2    0    1    2    1    1    2    1    1    3    0    1    2    1    1    2    0    2    3    1    3    3    1    3    3    1    3    3    1    3    1    3    4    1   24    1     15000      8542     60000
1  7        108161       50000    0    1    0    0    1    0    0    1    1    0    1    1    1    1    0    0    1    1    0    1    1    0    1    1    1    1    0    1    1    0    1    1    1    1    1    1    1    1    0    2    1    0    2    1    0    2    1    0    2    1    0    2    1    0    2    1    0    2    1    1    2    1    1    3    1    0    2    1    1    2    2    0    1    3    4    2    3    2    5    2    5    2    3    2    1    4    2    2    2   17     13750     62500      7500
1  8         96668       60010    1    0    0    1    0    0    1    1    0    1    0    1    1    0    0    1    1    0    1    1    0    1    0    0    1    1    0    1    0    1    1    0    1    1    0    1    1    1    1    1    0    2    1    0    2    1    0    2    1    0    2    1    0    2    1    0    2    1    0    3    1    0    3    1    0    3    1    2    2    2    1    1    3    0    3    3    6    0    3    4    1    3    2    2    3    7    3    2   15    4     63333      6667     13333
1  9         97618       70010    1    0    0    1    0    0    1    0    1    1    0    1    1    0    1    1    0    1    1    0    1    1    0    0    1    1    0    1    1    0    1    1    0    1    1    0    1    1    0    1    2    0    1    2    0    1    2    0    1    2    0    1    2    0    1    2    0    1    3    0    1    3    0    1    3    0    1    3    0    2    2    0    2    5    7    3    1    3    3    2    2    3    1    3    4    0    3    2    2   19     65001     11667      6666
1  10        112617       50000    1    0    0    1    0    0    1    1    0    1    1    0    1    1    0    1    1    0    1    1    0    1    0    1    1    1    0    1    1    1    1    0    1    1    1    1    1    0    1    1    0    2    1    0    2    1    0    2    1    0    2    1    0    2    1    0    2    1    0    3    1    1    2    1    1    2    1    1    2    2    0    2    3    0    3    3    0    3    3    1    2    3    2    2    4    4    0    1   24    4     63200      6800     13400
1  11         91150       51430    0    1    0    0    1    0    0    1    1    0    1    1    0    1    1    0    1    1    0    1    1    0    1    1    0    1    1    1    1    0    1    1    0    1    1    0    1    1    0    2    1    0    2    1    0    2    1    0    2    1    0    2    1    0    1    1    1    3    1    0    3    1    0    3    1    0    3    1    0    2    2    0    0    3    6    2    3    2    2    3    2    0    3    6    5    3    4    4    2   14     13571     62857      7143
1  12         90485       57298    1    0    0    1    0    0    1    1    0    1    1    0    1    1    0    1    1    0    1    1    0    1    1    0    1    1    0    1    0    1    1    0    1    1    0    1    1    0    1    1    0    2    1    0    2    1    0    2    1    0    2    1    0    2    1    0    2    1    1    2    1    0    3    1    0    3    1    0    3    2    0    2    3    4    1    3    2    2    3    2    2    2    6    4    4    1    1    2   19    3     64054      5946     12973
1  13        104487       60000    0    1    0    0    1    0    0    1    1    0    1    1    0    1    1    0    1    0    0    1    1    1    1    0    0    1    1    1    1    0    1    1    0    1    1    0    1    1    0    2    1    0    2    1    0    2    1    0    2    1    0    2    1    0    2    1    0    3    1    0    2    1    1    2    1    0    3    1    0    2    2    0    1    3    4    1    3    4    1    3    4    2    3    2    4    3    6    4    2   16     13000     64000      6250
1  14        111710       47500    0    0    1    0    0    1    0    1    1    0    1    1    0    1    1    0    1    1    0    1    1    0    1    1    0    1    1    1    1    1    1    0    1    1    1    1    1    0    1    2    0    1    2    0    1    2    0    1    2    0    1    2    0    1    2    0    1    2    1    1    3    0    1    2    2    1    1    3    1    2    0    2    2    2    3    2    3    3    3    0    3    5    5    2    2    0    4    2   17    2     13750      7500     62500
1  15        112135       49396    0    0    1    0    0    1    1    0    1    1    0    1    1    0    1    1    0    1    1    0    1    1    0    1    1    0    1    0    1    1    0    1    1    0    1    1    1    1    1    0    2    1    0    2    1    0    2    1    0    2    1    0    2    1    0    2    1    0    3    1    0    3    1    2    2    1    0    3    1    0    1    2    2    2    3    4    1    3    0    3    3    2    2    3    1    1    4   23    5    1      6531     13264     63470
1  16        110663       54122    1    0    0    1    0    0    1    0    0    1    0    0    1    1    0    1    1    0    1    1    0    1    0    0    1    1    0    1    0    1    1    0    1    1    0    1    1    0    1    1    0    2    1    0    2    1    0    2    1    0    2    1    0    2    1    0    2    1    0    3    1    0    3    1    2    2    1    0    3    2    1    1    3    1    2    3    6    0    3    2    2    3    4    1    3    6    4    2   16    5     65686      5490     12157
1  17        107180       66230    1    0    0    1    0    0    1    0    1    1    1    0    1    0    1    1    0    1    1    0    0    1    0    0    1    1    0    1    1    1    1    1    0    1    1    0    1    1    0    1    2    0    1    2    0    1    2    0    1    2    0    1    2    0    1    2    0    1    3    0    1    3    0    1    3    0    1    2    1    2    2    0    3    2    2    3    2    2    2    4    7    3    0    6    4    1    2    2    2   18     63000     13500      7055
1  18        101024       65108    0    1    0    0    1    0    0    1    1    0    1    1    0    1    1    0    1    1    0    1    1    0    1    0    0    1    1    1    1    0    1    1    0    1    1    0    1    1    1    2    1    0    2    1    0    2    1    0    2    1    0    2    1    0    2    1    0    3    1    0    2    1    1    3    1    0    3    1    0    2    2    0    2    3    3    0    3    5    2    3    2    2    3    3    1    4    2    6    1   19     13500     63000      7158
1  19        105237       57150    1    0    0    1    0    0    1    1    0    1    1    0    1    0    0    1    1    0    1    0    0    1    1    0    1    0    0    1    0    1    1    0    1    1    1    1    1    0    1    1    0    2    1    0    2    1    0    2    1    0    2    1    0    2    1    0    2    1    0    3    1    1    2    1    0    3    1    0    3    2    0    2    3    2    2    2    8    4    3    2    2    3    4    1    4    2    1    2   18    3     63714      6286     13143