
1  0         21136       28575    1    0    0    1    0    0    1    0    0    1    1    2    1    1    2    2    2    2    2    5    3    255000     63571     90714
1  1         21079        5006    1    0    0    1    0    1    1    0    1    2    0    0    2    0    0    0    5    7    2    4    0    250000    150000      7142
1  2         21061        9292    1    0    0    1    0    0    1    0    1    0    3    5    2    0    0    2    2    1    2    4    2    250000    142857     14285
1  3         21082       15005    1    0    0    1    0    0    1    0    0    1    3    0    2    0    0    1    4    3    2    2    6    250000     83333     72222
1  4         21129       43000    1    0    0    0    1    3    1    0    0    1    2    1    1    2    1    2    1    3    3    3    1    260000     88000     64000
1  5         21007       23755    1    0    0    1    0    0    1    0    0    1    1    2    1    0    3    2    3    1    2    5    3    256249     68750     81250
1  6         21030       15004    1    0    0    1    0    0    1    0    0    1    1    4    1    2    0    3    0    1    1    6    4    256363    120000     30909
1  7         21027        9299    1    0    1    1    0    1    1    0    2    0    3    2    0    3    2    2    2    1    4    1    0    235714    157142     14285
1  8         21003       15005    1    0    0    1    0    0    1    0    0    2    0    0    2    0    0    1    3    4    1    6    5    250000     72222     83333
1  9         21035       23755    1    0    0    1    0    0    1    0    0    1    0    3    1    1    2    2    3    1    2    5    3    256249     68750     81250
1  10         21010       23755    1    0    0    1    0    0    1    0    0    1    0    3    1    1    2    2    3    1    2    5    3    256249     68750     81250
1  11         21025       54000    0    1    1    1    1    0    1    1    0    1    2    1    1    2    1    2    0    3    3    2    3    166000     89000    156000
1  12         21014       29290    1    0    0    1    0    0    1    0    0    2    0    0    0    3    4    2    2    2    2    4    3    250000    128571     28571
1  13         21045       23755    1    0    0    1    0    0    1    0    0    1    0    3    1    1    2    2    3    1    2    5    3    256249     68750     81250
1  14         21039       24104    1    0    0    1    0    0    1    0    0    2    0    0    1    1    2    1    3    4    2    5    3    250000     68181     86363
1  15         21035       24104    1    0    0    1    0    0    1    0    0    2    0    0    1    1    2    1    3    4    2    5    3    250000     68181     86363
1  16         21002       23750    1    0    1    1    0    1    1    0    1    1    1    2    1    0    4    2    3    0    2    5    0    175000    150000     81250
1  17         21008       10845    0    2    0    1    0    0    1    0    0    1    2    0    0    4    0    2    1    6    4    0    3    254166    125000     27777
1  18         21001       28575    1    0    0    1    0    0    1    0    0    1    1    2    1    1    2    2    2    2    2    5    3    255000     63571     90714
1  19         21006       23755    1    0    0    1    0    0    1    0    0    1    0    3    1    1    2    2    3    1    2    5    3    256249     68750     81250