
1  0         21101       11250    1    0    0    1    0    1    1    0    1    0    3    4    2    0    1    2    2    1    2    4    1    243750    150000     12500
1  1         21046       29455    0    1    2    1    0    0    1    0    0    1    1    2    1    3    1    2    4    1    3    0    3    262962     42592    103703
1  2         21015       29290    0    2    1    1    0    0    1    0    0    2    0    0    1    2    1    2    2    2    2    3    5    250000     92857     64285
1  3         21110        5013    1    0    1    1    0    2    1    0    2    2    0    2    2    0    2    2    2    0    0    7    0    242857    157142      7142
1  4         21038       54000    0    1    1    1    0    1    1    0    1    1    1    2    1    1    2    2    3    0    3    3    2    166000    156000     89000
1  5         21099       30008    0    1    1    0    3    0    1    1    0    1    2    1    1    2    1    3    0    2    3    0    4    166666     91666    150000
1  6         21067       15005    1    0    0    1    0    0    1    0    0    1    0    3    1    0    3    2    3    1    2    6    2    255000     71111     81666
1  7         21057       27425    1    0    0    1    0    0    1    0    0    0    5    3    1    0    2    2    1    2    3    3    2    258620     27586    120689
1  8         21032       26540    0    0    1    2    0    0    0    0    1    0    0    2    1    4    1    2    2    2    4    3    2    126923     30769    250000
1  9         21085       23755    1    0    0    1    0    0    1    0    0    1    1    2    1    0    3    2    3    1    2    5    3    256249     68750     81250
1  10         21017        5006    1    0    0    1    0    1    1    0    1    2    0    0    2    0    0    0    5    7    2    4    0    250000    150000      7142
1  11         21033        9292    1    0    0    1    0    0    1    0    1    2    0    0    0    3    5    2    2    1    2    4    2    250000    142857     14285
1  12         21080       23755    1    0    0    1    0    0    1    0    0    1    1    2    1    0    3    2    3    1    2    5    3    256249     68750     81250
1  13         21015       28424    1    0    0    1    0    0    1    0    0    1    1    2    1    3    1    2    4    1    2    1    5    255000     45263    108947
1  14         21023        9292    1    0    0    1    0    0    1    0    1    0    3    5    2    0    0    2    2    1    2    4    2    250000    142857     14285
1  15         21090       27425    1    0    0    1    0    0    1    0    0    0    3    5    1    2    0    2    2    1    3    2    3    258620    120689     27586
1  16         21080       16930    1    0    0    1    0    0    1    0    0    2    0    0    1    2    1    1    2    6    2    5    2    250000     96153     59615
1  17         21016       28575    1    0    0    1    0    0    1    0    0    1    2    1    1    2    1    2    2    2    2    3    5    255000     90714     63571
1  18         21044       23755    1    0    0    1    0    0    1    0    0    1    1    2    1    0    3    2    3    1    2    5    3    256249     68750     81250
1  19         21024       18857    1    0    0    1    0    0    1    0    0    0    3    4    2    0    0    3    0    1    1    6    4    253846    115384     38461