
2  0          5827       21042    0    1    3    3    1    3    4    1    2    5    2    2    5    1    4    5    3    6    6    4    6    6    5    4    6    6    6    245417     63750     98125
2  1          6068       56800    5    1    2    4    1    2    5    0    1    6    3    3    5    0    3    6    5    3    6    5    0    6    5    4    6    6    4    208800     56000    143000
2  2         21111       43336    0    1    4    4    2    5    6    1    6    6    1    5    5    0    4    5    6    2    6    5    3    6    6    3    6    5    3    152667     85000    166667
2  3         26298       27106    6    0    3    0    1    5    5    2    5    6    2    6    5    3    4    1    5    4    6    6    3    6    6    4    2    4    3    226318     16841    161053
2  4         11747       70902    0    1    4    5    1    2    5    1    3    5    3    4    6    0    6    6    5    2    6    4    4    6    5    3    6    5    3    191766     76502    141166
2  5          2934       32060    0    3    4    1    3    4    2    3    6    3    3    5    4    3    3    5    6    6    5    6    6    6    6    5    6    5    6    255010     22940    130290
2  6         22374       19168    0    1    6    3    1    2    3    2    2    4    1    4    5    1    6    5    6    4    5    4    6    6    5    6    6    6    6    245417     63750     96333
2  7         11575       75001    0    1    3    6    1    3    0    1    5    5    3    4    4    4    6    2    5    5    6    4    5    2    6    6    6    6    6    125000     85000    196667
2  8         25728       26786    0    1    5    6    0    4    5    1    3    5    3    4    2    0    6    5    4    6    2    6    3    1    6    6    6    6    5    122144     66428    216786
2  9         19908       45000    0    1    6    5    2    6    4    0    3    3    1    5    4    5    4    4    5    6    0    5    6    2    4    3    2    5    6     60000    130000    220000
2  10         14346       65235    0    1    1    0    2    3    6    3    3    5    4    2    6    4    5    6    4    5    6    4    5    6    4    6    6    6    4    137209     55814    220930
2  11          3475       64000    0    1    3    0    1    3    5    1    6    6    1    4    6    1    5    2    6    5    6    6    6    6    4    5    2    6    4    125000     51000    225000
2  12         19577       31251    0    1    1    4    1    2    5    2    2    5    1    3    5    3    3    6    4    6    6    4    3    6    4    4    6    5    3    246705     47272    113182
2  13         20634       23425    0    1    3    5    2    3    3    1    4    4    2    1    6    5    6    5    5    2    6    5    4    6    6    4    6    5    3    231579     84210     89474
2  14         18137       29287    5    3    0    4    2    4    6    3    5    6    1    1    6    4    3    6    5    3    0    5    2    6    5    4    6    6    5    157143    157143     92857
2  15           132       20000    0    1    2    3    1    2    3    5    2    4    5    6    4    6    1    5    6    2    5    6    5    6    6    5    6    6    6    250000     94000     65000
2  16         22050       27858    0    1    1    4    1    2    5    2    3    5    2    3    5    3    3    6    5    6    6    3    3    6    4    4    6    4    6    235715     92854     78573
2  17           104       35295    0    1    3    2    1    3    3    1    5    4    1    5    4    1    6    5    5    6    5    6    6    6    6    6    6    6    1    250001     24706    131470
2  18         22761       57224    5    0    4    5    4    1    6    5    6    5    5    3    5    2    6    1    5    3    0    6    3    2    6    4    1    6    6     51668    197776    151668
2  19           431       23481    0    1    1    2    1    3    3    1    4    4    1    4    5    1    5    5    5    6    6    6    6    6    6    3    6    6    5    259566     26956    120217