
0            45      666500    0    1    1    3    1    1    4    1    2    5    2    2    5    3    4    5    3    3    6    4    3    6    5    4    6    6    6    287500         0    127500
0           137      165000    0    1    6    3    1    1    4    1    2    5    2    2    5    3    4    5    3    3    6    4    3    6    5    4    6    6    6    250000     50000    100000
0           225       57224    0    1    6    3    1    1    4    1    2    5    2    2    5    3    4    5    3    6    6    4    3    6    5    4    6    6    6    249444     51668    100000
0         11608       21042    0    1    3    3    1    3    4    1    2    5    2    2    5    1    4    5    3    6    6    4    6    6    5    4    6    6    6    245417     63750     98125
0          5827       21042    0    1    3    3    1    3    4    1    2    5    2    2    5    1    4    5    3    6    6    4    6    6    5    4    6    6    6    245417     63750     98125
0            44      546086    0    1    2    4    1    2    5    3    2    5    3    2    5    3    3    6    4    3    6    5    6    6    5    4    6    6    4    227916    123334     65000
0           139      164091    0    1    2    4    1    2    5    3    1    5    3    2    5    3    3    6    4    3    6    5    6    6    5    4    6    6    4    229091     96363     87273
0           238      117000    0    1    2    4    1    2    5    3    1    5    3    3    5    3    3    6    4    3    6    5    6    6    5    4    6    6    4    231000     53500    122500
0           341       98751    0    1    2    4    1    2    5    3    1    5    3    3    5    1    3    6    4    3    6    5    6    6    5    4    6    6    4    232084     41667    130000
0           443       58637    0    1    2    4    1    2    5    3    1    5    3    3    5    1    3    6    5    3    6    5    6    6    5    4    6    6    4    231363     40227    134319
0         12084       56800    5    1    2    4    1    2    5    0    1    6    3    3    5    0    3    6    5    3    6    5    0    6    5    4    6    6    4    208800     56000    143000
1          6068       56800    5    1    2    4    1    2    5    0    1    6    3    3    5    0    3    6    5    3    6    5    0    6    5    4    6    6    4    208800     56000    143000
0            54      764500    0    1    0    3    1    0    3    2    4    3    4    4    3    5    4    5    5    5    6    5    6    6    6    6    6    6    2    136000    186500    104500
0           161      676502    0    1    0    3    1    0    3    2    4    3    4    4    3    5    4    5    5    6    6    5    6    6    6    6    6    6    2    125000    225000     91666
0           262      597426    0    1    0    3    1    0    3    2    4    3    4    4    5    5    4    5    5    6    6    5    6    6    6    6    6    6    2    166666    155556     98148
0           355      251334    0    1    0    3    1    6    3    2    4    3    4    4    5    5    4    5    5    6    6    5    6    6    6    6    6    6    2    166666    140250    103250
0           456      148584    0    1    0    3    1    6    3    2    4    3    4    4    5    5    4    5    5    6    6    5    6    6    6    4    6    6    2    179416    140250     93750
0           559      109168    0    1    0    3    1    6    3    2    4    3    4    4    5    5    5    5    5    6    6    5    6    6    6    4    6    6    2    150833    127500    124167
0          1053      105834    0    1    6    4    1    6    3    2    4    3    4    4    5    5    4    5    5    2    6    5    6    6    6    3    6    6    2    225000    127500     56666
0          6649       92500    0    1    6    4    1    6    3    2    4    3    4    0    5    5    4    5    5    2    6    5    6    6    6    3    6    6    2    208750    127500     66250
0          6930       55001    0    1    6    4    1    6    3    2    4    3    4    6    5    5    4    5    5    2    6    5    1    6    6    2    6    6    2    249999    100001     53333
0          7045       55000    0    1    6    4    1    6    3    2    4    3    4    4    5    5    4    5    5    2    6    5    1    6    6    2    6    6    2    250000    101000     53000
0         19325       52336    0    1    4    4    1    5    6    2    6    3    1    1    5    5    4    5    4    2    6    5    3    6    5    3    6    5    2    248667     49334    105333
0         25402       43439    0    1    4    4    2    5    6    2    6    3    1    5    5    0    4    5    6    2    6    5    3    6    6    3    6    5    1    211250     55312    144375
0         42166       43336    0    1    4    4    2    5    6    1    6    6    1    5    5    0    4    5    6    2    6    5    3    6    6    3    6    5    3    152667     85000    166667
2         21111       43336    0    1    4    4    2    5    6    1    6    6    1    5    5    0    4    5    6    2    6    5    3    6    6    3    6    5    3    152667     85000    166667
0            52     1737215    0    1    3    0    1    4    4    2    4    5    2    4    5    3    4    5    4    5    6    5    5    6    6    5    6    6    0     92857    410714     39286
0           148     1536501    0    1    3    0    1    4    4    2    4    5    2    4    5    3    4    5    4    5    6    5    5    6    6    3    6    6    0    116667    320000     65000
0           240     1341500    0    1    3    0    1    4    4    2    4    5    2    4    5    3    4    5    4    5    6    5    6    6    6    3    6    6    0    190000    130000    160000
0           344      961500    0    1    3    0    1    4    4    2    4    5    2    4    5    3    6    5    4    5    6    5    6    6    6    3    6    6    0    166667    130000    169999
0           444      836500    0    1    3    0    1    4    4    2    4    5    2    5    5    3    6    5    4    5    6    5    6    6    6    3    6    6    0    120000    130000    185000
0           542      511500    0    1    3    0    1    4    4    2    4    5    2    5    5    3    6    5    4    5    6    5    6    6    6    3    6    6    6    112500    130000    167500
0          1601      197500    6    1    3    0    1    4    5    2    5    5    2    3    5    3    5    5    4    4    6    4    6    6    6    0    6    6    3    152500    130000    120000
0          1694      110000    6    1    3    0    1    4    5    2    6    5    2    3    5    3    5    5    4    4    6    4    6    6    6    0    6    6    3    150000    127500    122500
0         23910      103334    6    1    3    0    1    6    5    2    4    5    2    3    5    3    4    5    5    4    6    4    6    6    6    0    6    6    3    148334    129998    123334
0         35361       74286    6    1    3    0    1    5    5    2    6    6    2    6    5    3    4    5    5    4    6    4    5    6    6    0    6    6    3     92857    135714    182143
0         47027       28637    6    0    3    0    1    5    5    2    5    6    2    6    5    3    4    1    5    4    6    4    3    6    6    4    2    4    3    230909     14546    161818
0         52549       27106    6    0    3    0    1    5    5    2    5    6    2    6    5    3    4    1    5    4    6    6    3    6    6    4    2    4    3    226318     16841    161053
3         26298       27106    6    0    3    0    1    5    5    2    5    6    2    6    5    3    4    1    5    4    6    6    3    6    6    4    2    4    3    226318     16841    161053
0            45     1956500    0    0    1    4    1    2    5    1    3    6    3    3    6    3    3    6    3    2    6    4    5    6    5    5    6    5    5    183334    266666    117000
0           135     1605500    0    0    1    4    1    2    5    1    3    6    3    3    6    3    3    6    3    2    6    4    5    6    5    5    6    5    2    183334    266666     78000
0           234     1023169    0    0    1    4    1    2    5    1    3    6    3    4    6    3    3    6    3    2    6    4    5    6    5    5    6    5    2    183334    181666     86667
0           339      851500    0    0    1    4    1    2    5    1    3    6    3    4    6    3    3    6    3    2    6    4    5    6    5    5    6    5    5    183334    136666    130000
0           450      600530    0    0    4    4    1    2    5    1    3    6    3    4    6    3    3    6    3    2    6    4    5    6    5    5    6    5    5    183333    114750    129055
0           558      538170    0    0    4    4    1    2    5    1    3    6    3    4    6    3    2    6    3    2    6    4    5    6    5    5    6    5    5    183333    136666     90001
0           652      133250    0    0    4    4    1    2    5    1    3    6    3    4    6    3    6    6    3    2    6    4    5    6    5    5    6    5    5    160250    114750    136750
0         23260      132858    0    1    4    5    1    2    5    1    3    5    3    4    6    0    1    6    3    2    6    4    4    6    5    3    6    5    3    220000     37858    141428
0         23356      120167    0    1    4    5    1    2    5    1    3    5    3    4    6    0    1    6    5    2    6    4    4    6    5    3    6    5    3    220000     45833    143000
0         23454       70902    0    1    4    5    1    2    5    1    3    5    3    4    6    0    6    6    5    2    6    4    4    6    5    3    6    5    3    191766     76502    141166
4         11747       70902    0    1    4    5    1    2    5    1    3    5    3    4    6    0    6    6    5    2    6    4    4    6    5    3    6    5    3    191766     76502    141166
0            41      159001    0    3    4    1    3    4    2    3    4    3    3    5    4    3    5    5    6    6    5    6    6    6    6    5    6    6    6    255001     49000     96666
0           136       63500    0    3    4    1    3    4    2    3    6    3    3    5    4    3    5    5    6    6    5    6    6    6    6    5    6    6    6    255000     49000     98500
0          5715       55000    0    3    4    1    3    4    2    3    6    3    3    5    4    3    3    5    6    6    5    6    6    6    6    5    6    6    6    260000     23750    121250
0          5817       32060    0    3    4    1    3    4    2    3    6    3    3    5    4    3    3    5    6    6    5    6    6    6    6    5    6    5    6    255010     22940    130290
5          2934       32060    0    3    4    1    3    4    2    3    6    3    3    5    4    3    3    5    6    6    5    6    6    6    6    5    6    5    6    255010     22940    130290
0            51      584500    0    1    1    3    1    2    3    2    2    4    4    4    5    5    4    5    6    4    5    6    4    6    6    6    6    6    3    229000    150000     42000
0           142      221000    0    1    1    3    1    2    3    2    2    4    4    4    5    5    4    5    6    4    5    6    4    6    6    6    6    6    2    250000    121500     37500
0           224      140800    0    1    1    3    1    2    3    2    2    4    4    4    5    5    4    5    6    4    5    6    6    6    6    6    6    6    2    250000    116300     47900
0           316      138715    0    1    1    3    1    2    3    2    2    4    4    4    5    5    4    5    6    4    5    6    6    6    6    6    6    6    6    249142    100286     66857
0           413       92500    0    1    1    3    1    2    3    2    2    4    4    4    5    5    3    5    6    4    5    6    6    6    6    6    6    6    6    234375     96875     81250
0           507       82700    0    1    1    3    1    2    3    2    2    4    4    4    5    5    6    5    6    4    5    6    6    6    6    6    6    6    6    244100     67700     94100
0           609       60000    0    1    1    3    1    2    3    2    2    4    1    4    5    5    6    5    6    4    5    6    6    6    6    6    6    6    6    250000     50000    105000
0           710       40000    0    1    1    3    1    2    3    2    2    4    1    4    5    5    6    5    6    4    5    6    6    6    4    6    6    6    6    250000     50000    105000
0         28113       34800    0    1    1    3    1    2    3    2    2    4    1    4    5    1    6    5    6    4    5    6    6    6    5    6    6    6    6    255600     33200    122200
0         44702       19168    0    1    6    3    1    2    3    2    2    4    1    4    5    1    6    5    6    4    5    4    6    6    5    6    6    6    6    245417     63750     96333
6         22374       19168    0    1    6    3    1    2    3    2    2    4    1    4    5    1    6    5    6    4    5    4    6    6    5    6    6    6    6    245417     63750     96333
0            48     1116502    0    1    3    0    1    3    0    2    3    3    3    4    4    4    5    4    5    5    6    6    5    6    6    6    6    6    2     83334    187500    177500
0           147      894228    0    1    3    0    1    3    0    2    3    3    3    4    4    4    5    4    5    5    6    6    5    6    6    6    6    6    5     83333    236364    140909
0           242      692930    0    1    3    0    1    3    0    2    5    3    3    4    4    4    5    4    5    5    6    6    5    6    6    6    6    6    5     83333    246429    110714
0           331      635500    0    0    3    0    1    3    0    2    5    3    3    4    4    4    5    4    5    5    6    6    5    6    6    6    6    6    5     66000    260000    108000
0           424      597125    0    0    3    0    1    3    0    2    5    3    3    4    4    4    5    4    5    5    6    6    5    6    6    6    6    6    6     29375    255000    136250
0           515      594358    0    0    3    0    1    3    0    2    5    3    3    4    4    4    5    4    5    5    6    6    5    2    6    6    6    6    6     28573    257140    135715
0           613      561502    0    0    3    0    1    3    0    2    5    6    3    4    4    4    5    4    5    5    6    6    5    2    6    6    6    6    6     36364    236363    140909
0           714      484834    0    1    3    0    1    3    0    2    5    6    3    4    4    4    5    4    5    5    6    6    5    2    6    6    6    6    6     83334    176666    156666
0           807      170625    0    1    3    6    1    3    0    2    5    6    3    4    4    4    5    4    5    5    6    6    5    2    6    6    6    6    6    112500    127500    168125
0         23104       75001    0    1    3    6    1    3    0    1    5    5    3    4    4    4    6    2    5    5    6    4    5    2    6    6    6    6    6    125000     85000    196667
7         11575       75001    0    1    3    6    1    3    0    1    5    5    3    4    4    4    6    2    5    5    6    4    5    2    6    6    6    6    6    125000     85000    196667
0            39     1086000    0    3    0    1    3    4    1    3    5    2    3    5    2    5    6    5    5    6    5    6    6    6    6    4    6    6    6    117000    112500    225000
0           132      115000    0    3    0    1    3    4    1    3    5    2    3    5    2    5    6    5    5    6    5    6    6    6    6    4    6    6    4    117000    125000    158000
0           547      108750    0    3    0    1    3    4    5    3    5    6    3    5    2    2    6    5    5    6    5    6    6    1    6    4    6    6    4    118750    131250    156250
0         17045       90002    0    3    0    5    3    4    5    1    5    6    3    5    2    2    6    5    5    6    5    6    6    1    6    4    6    6    4     75001    166666    166665
0         22923       86429    0    3    6    5    0    4    5    1    5    6    3    4    2    2    6    5    5    6    5    6    3    1    6    5    6    6    4     78571    171428    157144
0         23023       83572    0    3    6    5    0    4    5    1    5    4    3    4    2    2    6    5    5    6    5    6    3    1    6    5    6    6    4     82856    177144    145716
0         28553       79286    0    3    6    5    0    4    5    1    5    5    3    4    2    2    6    5    5    6    5    6    3    1    6    5    6    6    4     57143    180953    166666
0         28846       75000    0    3    6    6    0    4    5    1    5    5    3    4    2    2    6    5    4    6    5    6    3    1    6    5    6    6    5     80000    170000    160000
0         29134       43462    0    3    5    5    0    4    5    1    5    5    3    4    2    2    6    5    4    6    5    6    3    1    6    6    6    6    5     66538    188462    155770
0         51407       26786    0    1    5    6    0    4    5    1    3    5    3    4    2    0    6    5    4    6    2    6    3    1    6    6    6    6    5    122144     66428    216786
8         25728       26786    0    1    5    6    0    4    5    1    3    5    3    4    2    0    6    5    4    6    2    6    3    1    6    6    6    6    5    122144     66428    216786
0            47      748168    0    2    0    1    2    3    1    2    3    3    5    5    4    5    5    4    5    6    4    4    6    5    6    6    5    6    6    127500     86667    204167
0           133      536795    0    2    0    1    2    3    1    2    3    3    5    5    4    5    6    4    5    6    4    4    6    5    6    6    5    6    6    135294     94118    182353
0           307      200000    0    2    6    1    2    3    1    0    3    3    5    5    4    5    6    4    5    6    4    4    6    5    6    6    5    6    6    128000    122000    161000
0           392      197275    0    2    6    1    2    3    1    0    3    3    5    5    4    5    6    4    5    6    4    4    6    5    6    3    5    6    6    120454    138637    143182
0           666      180754    0    2    6    1    2    6    1    0    3    3    5    5    4    5    6    4    5    6    4    5    6    5    4    3    5    6    6    124083    117000    163833
0           767      167308    0    2    6    1    2    6    1    0    3    3    2    5    4    5    6    4    5    6    4    5    6    5    4    3    5    6    6    135384     93848    167692
0          6595       88500    0    2    6    1    2    6    1    0    3    3    1    5    4    5    4    4    5    6    0    5    6    5    4    3    5    5    6     66500    117000    220000
0         28736       87375    0    1    6    5    2    6    5    0    3    3    1    5    4    5    4    4    5    6    0    5    6    2    4    3    2    5    6     67625    114750    220000
0         39665       73890    0    1    6    5    2    6    6    0    3    3    1    5    4    5    4    4    5    6    0    5    6    2    4    3    2    5    6     63890    132222    207222
0         39763       45000    0    1    6    5    2    6    4    0    3    3    1    5    4    5    4    4    5    6    0    5    6    2    4    3    2    5    6     60000    130000    220000
9         19908       45000    0    1    6    5    2    6    4    0    3    3    1    5    4    5    4    4    5    6    0    5    6    2    4    3    2    5    6     60000    130000    220000
0           257      175930    0    1    1    0    2    3    4    3    3    3    4    2    6    4    5    6    5    5    6    6    5    6    6    5    6    6    5    121430    164285    116215
0           362      103750    0    1    1    0    2    3    4    3    3    3    4    2    6    4    5    6    5    5    6    5    5    6    6    5    6    6    5    137500    181250     87500
0           462      101390    0    1    1    0    2    3    4    3    3    3    4    2    6    4    5    6    5    5    6    5    5    6    6    5    6    6    6    126556    186722     93776
0          6066      100419    0    1    1    0    2    3    4    3    3    6    4    2    6    4    5    6    5    5    6    5    5    6    6    5    6    6    3    126417    170750    109750
0         22704      100120    0    1    1    0    2    3    6    3    3    6    4    2    6    4    5    6    5    5    6    4    5    6    6    5    6    6    4    126476    107334    173166
0         22795       81430    0    1    1    0    2    3    6    3    3    6    4    2    6    4    5    6    4    5    6    4    5    6    6    5    6    6    4    135714     75000    200000
0         28637       65235    0    1    1    0    2    3    6    3    3    5    4    2    6    4    5    6    4    5    6    4    5    6    4    6    6    6    4    137209     55814    220930
10         14346       65235    0    1    1    0    2    3    6    3    3    5    4    2    6    4    5    6    4    5    6    4    5    6    4    6    6    6    4    137209     55814    220930
0            56     1164000    0    1    3    0    1    3    2    2    3    3    2    4    4    5    5    4    5    5    6    6    6    6    6    6    6    6    4    112500    222500    137500
0           159      801500    0    1    3    0    1    3    2    2    3    3    2    4    4    5    5    4    5    5    6    6    6    6    6    5    6    6    4    125000    200000    125000
0           249      611500    0    1    3    0    1    3    2    2    6    3    2    4    4    5    5    4    5    5    6    6    6    6    6    5    6    6    4    123525    117655    188230
0           339      587215    0    1    3    0    1    3    2    2    6    3    2    4    4    0    5    4    5    5    6    6    6    6    6    5    6    6    4     57143    135713    221429
0           437      226056    0    1    3    0    1    3    2    2    6    3    2    4    4    0    5    1    5    5    6    6    6    6    6    5    6    6    4     73167    103666    232111
0           771      144875    0    1    3    0    1    3    2    2    6    6    1    4    4    0    5    2    5    5    6    6    6    6    6    5    6    6    4     83250     93500    233375
0          1042       69375    0    1    3    0    1    3    2    1    6    6    1    4    6    0    5    2    5    5    6    6    6    6    6    5    2    6    4     93125     63750    250000
0          6911       64000    0    1    3    0    1    3    5    1    6    6    1    4    6    1    5    2    6    5    6    6    6    6    4    5    2    6    4    125000     51000    225000
11          3475       64000    0    1    3    0    1    3    5    1    6    6    1    4    6    1    5    2    6    5    6    6    6    6    4    5    2    6    4    125000     51000    225000
0            58       82500    0    1    1    4    1    2    5    3    2    5    3    2    5    3    2    6    3    3    6    4    3    6    4    4    6    5    6    250000     92500     65000
0           165       55556    0    1    1    4    1    2    5    3    2    5    3    2    5    3    6    6    3    3    6    4    3    6    4    4    6    5    6    238611     84167     86666
0           562       38336    0    1    1    4    1    2    5    2    2    5    3    3    5    3    3    6    3    6    6    4    3    6    4    4    6    5    6    236667     90000     76667
0         39112       31251    0    1    1    4    1    2    5    2    2    5    1    3    5    3    3    6    4    6    6    4    3    6    4    4    6    5    3    246705     47272    113182
12         19577       31251    0    1    1    4    1    2    5    2    2    5    1    3    5    3    3    6    4    6    6    4    3    6    4    4    6    5    3    246705     47272    113182
0            49     1224000    0    1    1    0    2    5    3    2    5    4    3    5    4    5    6    5    5    6    6    6    6    6    6    5    6    6    6    250000    200000     37500
0           150     1161501    0    1    1    0    2    5    3    2    5    4    3    5    4    5    6    5    5    6    6    6    6    6    6    5    6    6    4    233333    216667     33333
0           251     1121500    0    1    1    0    2    5    3    2    5    4    3    5    4    5    6    5    5    6    6    6    4    6    6    5    6    6    4    220000    230000     30000
0           352      851500    0    1    1    0    2    5    3    2    5    4    3    5    4    5    6    5    5    6    6    6    3    6    6    5    6    6    4    195000    130000    125000
0           457      550733    0    1    1    0    2    5    3    2    3    4    3    5    4    5    6    5    5    6    6    6    3    6    6    5    6    6    4    157693    119232    134614
0           924      159000    0    1    1    5    2    5    3    2    3    4    3    4    4    5    4    5    5    6    6    6    0    6    6    5    6    6    3    170500    143000     86500
0          1013      128500    0    1    1    5    2    5    3    2    3    4    3    6    4    5    4    5    5    6    6    6    0    6    6    5    6    6    3    175000    129500    100000
0          1113       87500    0    1    1    5    2    5    3    2    3    4    3    6    4    5    4    5    5    1    6    6    0    6    6    5    6    6    3    213750    132500     61250
0          6661       75800    0    1    1    5    2    5    3    2    3    4    3    6    4    5    4    5    5    1    6    6    3    6    6    5    6    6    3    225000    124100     52700
0          6840       53335    0    1    1    5    2    5    3    2    3    4    3    1    4    5    4    5    5    1    6    6    3    6    6    5    6    6    3    236666    130000     41667
0         12390       45000    0    1    1    5    2    5    3    2    3    4    3    1    4    5    2    5    5    1    6    6    3    6    6    5    6    6    3    250000    116665     44445
0         29609       36250    0    1    3    5    2    5    3    2    4    4    3    1    6    5    6    5    5    2    6    6    1    6    4    4    6    5    3    231250     81250     93750
0         35576       30000    0    1    3    5    2    3    3    1    4    4    2    1    6    5    6    5    5    2    6    5    6    6    4    4    6    5    3    230000     85000     90000
0         41220       23425    0    1    3    5    2    3    3    1    4    4    2    1    6    5    6    5    5    2    6    5    4    6    6    4    6    5    3    231579     84210     89474
13         20634       23425    0    1    3    5    2    3    3    1    4    4    2    1    6    5    6    5    5    2    6    5    4    6    6    4    6    5    3    231579     84210     89474
0            49      332500    0    3    0    1    3    6    2    3    1    2    3    4    6    4    4    6    5    5    6    5    5    6    5    6    6    6    6    117000    135000    157500
0           144      298000    0    3    0    1    3    6    2    3    1    2    3    4    6    4    4    6    5    5    6    5    5    6    5    6    6    6    5    117000    134000    158000
0           236      284000    0    3    0    1    3    6    2    3    1    2    3    4    6    4    4    6    5    5    6    5    5    6    6    6    6    6    5    117000    134000    158000
0           343      230000    0    3    0    1    3    6    2    3    1    2    2    4    6    4    4    6    5    5    6    5    5    6    6    6    6    6    5     68000    150000    175000
0           453      204500    0    3    0    1    3    6    2    3    1    2    2    4    6    4    4    6    5    5    6    5    5    6    6    6    6    6    6     39500    170000    190000
0           544      173000    0    3    0    1    3    6    2    3    1    2    2    4    6    4    4    6    5    5    6    5    5    6    5    6    6    6    6     68000    150000    182000
0           641       81669    0    3    0    1    3    6    2    3    1    6    2    4    6    4    4    6    5    5    6    5    5    6    5    6    6    6    6     72223    166666    166666
0          6576       59584    0    3    5    1    3    4    6    3    1    6    2    4    6    4    4    6    5    5    6    5    5    6    5    0    6    6    2    135416    152088    114584
0          7211       51114    5    3    5    4    3    4    6    3    1    6    2    0    6    4    4    6    5    1    0    5    5    6    5    1    6    6    2    155556    166666     85000
0         24725       45771    5    3    3    4    2    4    6    3    4    6    1    1    6    4    0    6    5    3    0    5    2    6    5    4    6    6    0    147692    213848     46153
0         36226       29287    5    3    0    4    2    4    6    3    5    6    1    1    6    4    3    6    5    3    0    5    2    6    5    4    6    6    5    157143    157143     92857
14         18137       29287    5    3    0    4    2    4    6    3    5    6    1    1    6    4    3    6    5    3    0    5    2    6    5    4    6    6    5    157143    157143     92857
0            44       58751    0    1    2    3    1    2    3    5    2    4    5    2    4    6    2    5    6    2    5    6    5    6    6    5    6    6    6    250000    114750     43333
0           136       39400    0    1    2    3    1    2    3    5    2    4    5    2    4    6    1    5    6    2    5    6    5    6    6    5    6    6    6    250000    109600     52000
0           224       20000    0    1    2    3    1    2    3    5    2    4    5    6    4    6    1    5    6    2    5    6    5    6    6    5    6    6    6    250000     94000     65000
15           132       20000    0    1    2    3    1    2    3    5    2    4    5    6    4    6    1    5    6    2    5    6    5    6    6    5    6    6    6    250000     94000     65000
0            47      115001    0    1    1    4    1    2    5    2    3    5    2    3    5    3    3    6    3    5    6    3    5    6    4    3    6    4    6    265714    117141     37144
0           145       42000    0    1    1    4    1    2    5    2    3    5    2    3    5    3    3    6    3    6    6    3    5    6    4    3    6    4    6    253000    108000     44000
0           245       28334    0    1    1    4    1    2    5    2    3    5    2    3    5    3    3    6    3    6    6    3    5    6    4    4    6    4    6    240000     93334     73332
0         44049       27858    0    1    1    4    1    2    5    2    3    5    2    3    5    3    3    6    5    6    6    3    3    6    4    4    6    4    6    235715     92854     78573
16         22050       27858    0    1    1    4    1    2    5    2    3    5    2    3    5    3    3    6    5    6    6    3    3    6    4    4    6    4    6    235715     92854     78573
0            52       60001    0    1    3    2    1    3    3    1    5    4    1    5    4    3    6    5    5    6    5    6    6    6    6    6    6    6    1    250000     32308    125769
0           156       35295    0    1    3    2    1    3    3    1    5    4    1    5    4    1    6    5    5    6    5    6    6    6    6    6    6    6    1    250001     24706    131470
17           104       35295    0    1    3    2    1    3    3    1    5    4    1    5    4    1    6    5    5    6    5    6    6    6    6    6    6    6    1    250001     24706    131470
0            53     1407750    0    2    1    0    4    1    0    5    1    0    5    3    3    5    3    3    5    3    5    6    3    6    6    6    6    6    4     56250    353125     96875
0           154      971084    0    2    1    0    4    1    0    5    1    0    5    3    3    5    3    3    5    3    5    6    3    6    6    4    6    6    4     62500    288334     93750
0           243      859000    0    2    1    0    4    1    0    5    1    0    5    3    3    5    6    3    5    3    5    6    3    6    6    4    6    6    4     62500    250000    125000
0           333      621500    0    2    1    0    4    1    0    5    6    0    5    3    3    5    6    3    5    3    5    6    3    6    6    4    6    6    4     62500    240000    127500
0           430      615667    0    2    1    0    4    1    0    5    6    0    5    3    3    2    6    3    5    3    5    6    3    6    6    4    6    6    4     62500    241666    125001
0          5945      551501    0    0    1    0    4    1    0    5    6    0    5    3    3    2    6    3    5    3    5    6    3    6    6    4    6    6    4         2    266666    149999
0          6053      541500    0    0    1    0    4    1    0    5    6    5    5    3    3    2    6    3    5    3    5    6    3    6    6    4    6    6    4     10000    260000    150000
0          6160      242125    0    0    1    0    4    1    4    5    6    5    5    3    3    2    6    3    5    3    5    6    3    6    6    4    6    6    4     14625    245750    140250
0          6256      212875    0    0    1    0    4    1    6    5    6    5    5    3    3    2    6    3    5    3    5    6    3    6    6    4    6    6    4     14625    245750    140250
0          6452       81430    0    0    1    6    4    1    6    5    6    5    5    3    3    2    6    3    5    3    5    6    3    2    6    4    6    6    4     46429    228571    135714
0         33789       78750    5    0    1    6    4    1    6    5    6    5    5    3    3    2    6    3    5    3    5    6    3    2    6    4    6    6    4     43750    225000    137500
0         39932       76668    5    0    4    5    4    1    6    5    6    5    5    3    5    2    6    1    5    3    0    6    3    2    6    4    6    6    6     88334    148888    166666
0         45475       57224    5    0    4    5    4    1    6    5    6    5    5    3    5    2    6    1    5    3    0    6    3    2    6    4    1    6    6     51668    197776    151668
18         22761       57224    5    0    4    5    4    1    6    5    6    5    5    3    5    2    6    1    5    3    0    6    3    2    6    4    1    6    6     51668    197776    151668
0            50     1050787    0    1    1    2    1    3    3    1    4    4    1    4    5    1    5    5    2    6    6    5    6    6    5    6    6    6    4    305714     22143    144286
0           149      619835    0    1    1    2    1    3    3    1    4    4    1    4    5    1    5    5    2    6    6    5    6    6    5    3    6    6    4    306665     36666     71670
0           251      607091    0    1    1    2    1    3    3    1    4    4    1    4    5    1    5    5    2    6    6    5    6    6    5    3    6    6    6    275294     28530    112353
0           345      553871    0    1    1    2    1    3    3    1    4    4    1    4    5    1    5    5    2    6    6    5    6    6    5    3    6    6    1    298947     10790    100526
0           443      524000    0    1    1    2    1    3    3    1    4    4    1    4    5    1    5    5    5    6    6    5    6    6    5    3    6    6    1    295000     10000    102500
0           549      251001    0    1    1    2    1    3    3    1    4    4    1    4    5    1    5    5    5    6    6    5    6    6    5    3    6    6    4    275000     32667     91666
0           646      104000    0    1    1    2    1    3    3    1    4    4    1    4    5    1    5    5    5    6    6    5    6    6    5    3    6    6    5    260000     27000    120000
0           737       50000    0    1    1    2    1    3    3    1    4    4    1    4    5    1    5    5    5    6    6    6    6    6    5    3    6    6    5    260000     27000    120000
0           821       23481    0    1    1    2    1    3    3    1    4    4    1    4    5    1    5    5    5    6    6    6    6    6    6    3    6    6    5    259566     26956    120217
19           431       23481    0    1    1    2    1    3    3    1    4    4    1    4    5    1    5    5    5    6    6    6    6    6    6    3    6    6    5    259566     26956    120217