
1  0         90843       66678    1    0    0    1    0    0    1    0    1    1    0    1    1    0    1    1    0    1    1    0    1    1    1    0    1    0    0    1    1    1    1    1    1    1    1    0    1    1    0    1    2    0    1    2    0    1    2    1    1    2    0    1    2    0    1    2    0    1    2    1    1    2    1    1    3    0    1    2    1    2    2    0    3    1    4    3    2    2    2    3    8    3    3    0    4    2    0    2    3   17     63333     13334      6667
1  1         90550       50002    0    0    1    0    0    1    1    0    1    1    0    1    0    1    1    0    1    1    1    0    1    1    0    1    1    0    1    1    1    1    0    1    1    1    1    1    0    1    1    0    2    1    0    2    1    0    2    1    0    2    1    0    2    1    0    2    1    1    2    1    1    2    1    1    2    1    1    2    1    1    1    2    0    3    3    2    2    3    4    1    3    4    1    3    4    0    4   16    8    1      6842     13421     63158
1  2        106669       51222    0    1    0    0    1    0    1    1    0    0    1    0    1    1    0    1    1    0    1    1    0    0    1    1    1    1    0    0    1    1    0    1    1    1    1    1    0    1    1    0    1    2    0    1    2    0    1    2    0    1    2    0    1    2    0    1    2    1    1    2    0    1    3    0    1    3    1    1    2    0    2    2    2    3    2    4    3    1    6    3    0    4    3    1    0    4    2   18    1    7      6829     63170     13415
1  3         95044       60010    0    1    0    0    1    0    1    1    0    0    1    1    1    1    0    1    1    0    0    1    0    1    1    0    0    1    1    0    1    1    0    1    1    0    1    1    0    1    1    0    1    2    0    1    2    0    1    2    0    1    2    0    1    2    0    1    2    1    1    2    1    1    2    0    1    3    0    1    3    0    2    2    2    3    2    2    3    2    7    2    4    4    3    1    4    4    0   17    2    3      6667     63333     13333
1  4        108056       51112    1    0    0    1    0    0    1    1    0    1    1    0    1    0    1    1    0    1    1    0    1    1    0    1    1    0    1    1    1    0    1    1    1    1    1    1    1    1    1    1    2    0    1    2    0    1    2    0    1    2    0    1    2    0    1    2    0    1    2    1    1    3    0    1    3    0    1    2    1    2    2    0    2    3    8    3    1    4    3    3    0    3    2    2    4    0    4    2    3   14     61852     14074      8148
1  5         94089       57276    1    0    0    1    0    0    1    0    1    1    0    1    1    1    0    1    0    1    1    0    1    1    0    1    1    0    1    1    1    0    1    1    1    1    1    1    1    1    0    1    2    0    1    2    0    1    2    0    1    2    0    1    1    2    1    2    0    1    3    0    1    2    1    1    3    0    1    3    0    2    2    0    3    2    2    3    3    1    3    2    2    3    1    4    4    1    3    1    4   19     61362     13638      8636
1  6         93792       60800    0    1    0    0    1    0    0    1    1    0    1    1    1    1    0    0    1    1    1    1    0    0    1    1    1    1    0    0    1    1    0    1    1    1    1    1    1    1    1    2    1    1    0    1    2    0    1    2    0    1    2    0    1    2    0    1    2    0    1    3    0    1    3    0    1    3    0    1    3    0    2    2    4    3    1    1    3    3    5    3    0    5    3    0    4    4    0   16    1    5      9600     60400     13200
1  7         92779       44000    1    0    0    1    0    0    1    1    0    1    1    0    1    1    0    1    1    0    1    1    0    1    1    0    1    1    0    1    0    1    1    1    1    1    0    1    1    1    1    1    0    2    1    0    2    1    2    1    1    0    2    1    0    2    1    0    2    1    2    2    1    1    2    1    1    2    1    0    3    2    1    1    3    2    2    3    4    1    3    0    3    3    1    2    4    2    1    1   17    8     63500      6500     13250
1  8         92401       44716    0    1    0    0    1    0    0    1    1    1    1    0    1    1    0    1    1    0    1    1    0    1    1    0    1    1    0    1    1    1    0    1    1    0    1    1    0    1    1    0    1    2    0    1    2    0    1    2    2    1    1    0    1    2    0    1    2    1    1    2    1    1    2    0    1    3    0    1    3    0    2    2    2    3    2    2    3    2    2    3    2    2    3    2    5    3    4   18    2    2      7059     62941     13529
1  9         90601      490766    0    1    1    1    1    0    1    1    0    2    0    2    1    1    0    1    1    0    1    1    0    0    2    0    1    0    3    0    1    2    1    1    1    2    0    2    0    2    0    2    1    0    1    1    1    0    1    2    2    1    0    1    1    1    0    1    3    0    2    1    0    1    3    1    1    2    1    1    2    3    2    0    2    4    0    1    3    4    1    3    4    4    2    3    4    4    1    8    1    4     20646     47177     16914
1  10         92993       50532    1    0    0    1    0    0    1    1    0    1    1    0    1    1    0    1    1    0    1    1    0    1    0    0    1    1    0    1    0    1    1    0    1    1    0    1    1    0    1    1    0    2    1    2    1    1    0    2    1    0    2    1    0    2    1    0    2    1    2    2    1    0    3    1    0    3    1    0    3    2    1    1    3    1    2    2    2    7    3    2    2    3    2    2    4    4    0    2   20    2     63684      6316     13158
1  11        103406       61742    0    0    1    0    0    1    0    1    1    0    1    1    1    0    1    1    0    1    1    0    1    1    0    1    0    1    1    1    1    1    1    1    1    1    1    1    1    0    1    2    0    1    1    2    1    2    0    1    2    0    1    2    0    1    2    0    1    2    1    1    2    1    1    2    1    1    1    3    1    2    0    2    3    0    3    3    0    3    3    0    3    1    4    3    2    1    4    2   23    1     14609      8261     60782
1  12         95757       50740    0    1    0    0    1    0    0    1    1    1    1    0    1    1    0    1    1    0    1    1    0    1    1    0    1    1    0    0    1    1    1    1    1    0    1    1    1    1    1    0    1    2    0    1    2    0    1    2    0    1    2    0    1    2    0    1    2    0    1    3    1    1    2    1    1    2    0    1    3    1    2    1    2    3    2    6    3    0    3    3    1    2    3    2    0    4    2   18    1    7      6829     63171     13415
1  13        108760       59434    0    0    1    0    0    1    1    0    1    0    1    1    0    0    1    1    0    1    1    0    1    1    0    1    1    0    1    0    1    1    0    1    1    0    1    1    0    1    1    0    2    1    0    2    1    0    2    1    0    2    1    2    1    1    0    2    1    0    3    1    1    2    1    1    2    1    0    3    1    0    2    2    2    2    3    3    1    3    2    2    3    4    6    2    4    0    4   18    3    2      6286     13143     63714
1  14         98846       63186    0    1    0    0    1    0    1    1    0    1    1    0    1    1    0    0    1    1    1    1    0    1    1    0    0    1    1    0    1    1    0    1    1    0    1    1    0    1    1    0    1    2    0    1    2    0    1    2    0    1    2    0    1    2    0    1    2    0    1    3    1    1    2    1    1    2    1    1    2    0    2    2    6    3    0    2    3    2    0    3    3    3    3    1    3    4    1   20    1    6      6818     63182     13409
1  15         98113       55660    0    1    0    0    1    0    1    1    0    1    1    0    0    1    0    0    1    0    1    1    0    1    1    0    1    1    0    0    1    1    0    1    1    0    1    1    0    1    1    0    1    2    0    1    2    0    1    2    0    1    2    0    1    2    0    1    2    0    1    3    0    1    3    0    1    3    0    1    3    0    2    2    4    3    1    0    3    3    2    3    2   10    2    3    1    4    1   20    2    2      6305     63913     13041
1  16         92677       52500    0    0    1    0    0    1    1    0    1    1    0    1    0    1    1    1    0    1    1    0    1    0    1    1    1    0    1    0    1    1    0    1    1    0    1    1    1    1    1    0    2    1    0    2    1    0    2    1    0    2    1    0    2    1    0    2    1    0    3    1    0    3    1    1    2    1    1    2    1    0    2    2    5    5    2    4    1    3    4    1    3    2    2    3    2    1    4   17    2    2      7500     13750     62500
1  17        102443       58832    0    0    1    0    0    1    1    0    1    1    0    1    1    0    1    1    0    1    1    0    1    0    1    1    1    0    1    0    1    1    0    1    1    0    1    1    0    1    1    0    2    1    1    1    1    0    2    1    0    2    1    0    2    1    0    2    1    0    3    1    0    3    1    2    2    1    1    2    1    0    2    2    0    3    3    3    2    3    0    3    3    2    2    3    9    2    3   18    2    2      7059     13529     62941
1  18         95786       53342    1    0    0    1    0    0    1    0    1    1    0    1    1    0    1    1    0    0    1    0    1    1    0    0    1    0    1    1    1    0    1    1    0    1    1    0    1    1    0    1    2    0    1    2    0    1    2    0    1    2    0    1    2    0    1    2    0    1    3    0    1    3    0    1    3    0    1    3    0    2    2    0    3    1    4    3    2    2    3    2    2    3    1    4    3    4    6    2    2   19     63333     13333      6667
1  19         95198       57144    0    0    1    0    0    1    1    0    1    2    0    1    0    1    1    1    0    1    1    0    1    1    0    1    1    0    1    1    1    1    0    1    1    0    1    1    0    1    1    0    2    1    0    2    1    0    2    1    0    2    1    0    2    1    0    2    1    1    2    1    0    3    1    1    2    1    0    3    1    0    2    2    4    1    3    4    1    3    4    1    3    1    3    3    1    2    4   18    5    1      8119     14619     60762