
1  0         21117        5001    0    0    1    1    0    1    1    0    1    0    0    2    0    0    2    7    5    0    0    4    2      7143    150000    250000
1  1         21123        9287    1    1    0    1    1    0    1    2    0    2    2    0    2    2    0    0    1    5    2    0    4    235714     14286    157143
1  2         21066        5001    1    0    1    1    0    2    1    0    2    2    0    2    2    0    2    2    2    0    0    7    0    242857    157143      7143
1  3         21167        5001    0    1    0    0    1    1    0    1    1    0    2    0    0    2    0    5    0    7    4    2    0    150000    250000      7143
1  4         21160        5001    0    1    0    1    1    0    1    1    0    0    2    0    0    2    0    7    0    5    0    2    4      7143    250000    150000
1  5         21060        5001    1    0    0    1    1    0    1    1    0    2    0    0    2    0    0    0    7    5    2    0    4    250000      7143    150000
1  6         21068        5001    1    1    0    1    2    0    1    2    0    2    2    0    2    2    0    2    0    2    0    0    7    242857      7143    157143
1  7         21182        5001    1    0    0    1    0    1    1    0    1    2    0    0    2    0    0    0    5    7    2    4    0    250000    150000      7143
1  8         21288        5001    1    0    0    1    0    1    1    0    1    2    0    0    2    0    0    0    5    7    2    4    0    250000    150000      7143
1  9         21068        5001    0    0    1    0    1    1    0    1    1    0    0    2    0    0    2    5    7    0    4    0    2    150000      7143    250000
1  10         21232        5001    0    1    0    1    0    2    1    0    2    0    2    0    7    0    1    0    2    3    0    4    1     57143    250000    100000
1  11         21094        5001    1    0    0    1    0    1    1    0    1    2    0    0    2    0    0    0    5    7    2    4    0    250000    150000      7143
1  12         21036        5001    1    0    0    1    0    1    1    0    1    2    0    0    2    0    0    0    5    7    2    4    0    250000    150000      7143
1  13         21145        5001    0    1    1    0    1    2    0    1    2    0    2    2    0    2    2    2    2    0    7    0    0    157143    242857      7143
1  14         21134        5001    0    1    0    1    1    0    1    1    0    0    2    0    0    2    0    7    0    5    0    2    4      7143    250000    150000
1  15         21171        5001    0    1    0    0    1    1    0    1    1    0    2    0    0    2    0    5    0    7    4    2    0    150000    250000      7143
1  16         21478        5001    0    0    1    0    1    1    0    1    1    0    0    2    0    0    2    5    7    0    4    0    2    150000      7143    250000
1  17         21177       10527    0    0    1    5    1    0    0    0    1    0    0    2    0    0    2    1    4    1    3    4    2     24737    131316    250000
1  18         21109        5001    1    1    0    1    2    0    1    2    0    2    2    0    2    2    0    2    0    2    0    0    7    242857      7143    157143
1  19         21495        5001    1    0    0    1    0    1    1    0    1    2    0    0    2    0    0    0    5    7    2    4    0    250000    150000      7143