
1  0         21087       25000    6    3    0    3    5    5    3    2    5    5    1    1    5    1    4    6    3    2    6    3    6    6    3    6    3    3    4    150000     10000    250000
1  1         21087       82500    0    5    6    1    5    6    5    4    4    2    0    5    5    0    6    1    6    6    2    3    6    3    3    5    3    3    4    127500     73750    205250
1  2         21087       63000    5    0    2    6    5    4    1    0    6    5    0    5    0    1    6    1    3    6    3    3    5    3    3    6    3    3    4    103000     49000    250000
1  3         21087      122500    5    5    1    4    4    6    5    4    5    0    0    2    5    0    6    3    3    6    3    3    5    3    3    6    3    3    4     50000     87500    275000
1  4         21087       56875    5    5    6    0    0    2    1    0    6    1    0    6    5    0    5    6    3    5    3    3    6    3    3    4    3    3    4    127500     30625    250000
1  5         21087       58750    1    0    6    5    4    6    2    1    4    0    0    6    6    5    5    5    0    5    6    2    4    3    3    6    3    3    4    237500     12500    156250
1  6         21087       58500    6    1    6    6    5    2    3    5    6    1    0    6    0    1    5    5    3    5    3    0    6    3    3    4    3    3    4     47000    104000    251500
1  7         21087       56250    4    0    6    5    0    5    4    4    6    6    0    5    5    0    1    5    3    6    3    3    2    3    3    6    3    3    4     91250     62500    255000
1  8         21087       55000    2    0    4    3    0    6    6    5    6    5    0    1    0    0    5    2    3    6    5    3    5    3    3    6    3    3    4    130000     30000    250000
1  9         21087       69375    5    5    0    5    1    2    6    6    6    2    5    5    3    6    6    6    1    6    3    3    5    3    3    4    3    3    4     29375    127500    250000
1  10         21087       47500    1    5    2    6    1    6    3    5    4    5    0    5    6    1    6    3    0    6    3    3    4    3    3    6    3    3    5     25000    125000    262500
1  11         21087       55000    2    0    6    0    0    6    5    5    6    6    0    1    5    0    4    2    3    5    3    3    4    3    3    5    3    3    6    130000     30000    250000
1  12         21087       81875    5    2    4    5    1    0    6    6    6    5    0    6    6    3    1    5    6    6    3    3    2    3    3    5    3    3    4    137500     21875    250000
1  13         21087       65000    6    4    2    5    5    5    0    5    4    5    4    1    0    0    6    3    3    6    4    3    5    3    3    6    3    3    6    100000     50000    250000
1  14         21087      108000    5    4    5    3    0    6    6    6    6    0    6    1    5    4    6    3    3    5    3    0    2    3    3    5    3    3    4     26500    122500    255000
1  15         21087       45000    5    5    6    4    3    4    5    5    6    0    2    6    5    5    6    0    0    1    1    2    6    3    3    5    3    3    4     60000    130000    220000
1  16         21087       55000    1    1    2    1    5    5    0    6    4    5    0    6    5    5    5    0    3    6    3    3    6    3    3    6    3    3    4    100000     50000    260000
1  17         21087       56875    0    1    4    3    6    6    0    0    5    0    1    6    0    2    5    5    3    5    3    2    6    3    3    6    3    3    4     30625    127500    250000
1  18         21087       65000    0    1    5    1    5    6    1    5    4    6    0    6    5    3    6    5    0    6    6    3    2    3    3    5    3    3    4     82000     84000    234000
1  19         21087       92000    1    3    6    5    6    5    2    6    0    2    0    6    1    5    6    5    3    6    3    3    5    3    3    4    3    3    4    130000     22000    253000