
1  0         21083      666500    6    4    4    5    1    3    0    3    2    6    0    6    0    5    6    5    0    1    3    3    5    6    3    5    3    3    4    160000         0    255000
1  1         22239      626500    4    2    6    5    3    6    4    2    2    5    0    6    0    0    1    3    0    5    3    3    5    3    3    6    3    3    4    112500     37500    275000
1  2         21748      219500    5    4    5    3    3    2    6    4    5    0    0    6    0    0    1    5    3    6    3    3    6    3    3    6    3    5    4     34000     91000    280500
1  3         21049      578500    3    4    2    5    0    6    0    4    6    0    0    1    5    5    4    0    3    6    3    3    5    3    3    5    3    3    6     19000    106000    288000
1  4         21772      210000    2    4    4    5    4    4    0    2    6    5    5    1    0    0    6    2    3    5    3    3    6    3    3    5    3    3    6    130000     15000    260000
1  5         21265      192000    4    2    5    6    5    2    4    6    4    0    0    1    0    2    6    3    3    5    6    3    6    3    3    5    3    3    6    130000     15000    256000
1  6         21736      638375    0    1    4    2    1    2    5    1    3    0    0    6    5    6    6    6    1    5    6    3    5    3    3    4    3    5    6     93125     63750    275000
1  7         21267       62000    2    2    6    0    2    1    0    4    5    6    4    6    0    0    5    3    3    6    6    3    6    3    3    4    5    3    5     48000    106000    251000
1  8         21639      531500    2    5    1    6    4    6    4    3    4    0    0    6    4    0    5    5    3    6    3    3    2    3    3    6    3    5    5     40000    105000    265000
1  9         21885      570875    4    1    2    1    5    5    2    4    6    1    0    5    6    3    5    2    3    4    6    0    6    3    3    6    4    3    6     71250    112500    239375
1  10         21146      284875    2    2    6    1    3    6    1    4    5    0    0    5    6    0    6    2    3    5    6    3    6    3    3    4    3    3    4    114750     55125    240000
1  11         21047      227000    4    6    2    6    6    6    3    4    1    2    0    5    6    5    6    5    0    6    4    3    5    3    3    5    3    3    4     44000    125000    237000
1  12         21672      582700    5    3    2    6    2    6    0    4    6    0    0    1    5    6    5    6    3    6    6    3    4    3    3    5    3    3    4    130500     47800    229500
1  13         21156      260750    0    6    4    2    6    6    1    6    5    0    0    6    3    6    1    3    0    5    3    3    2    3    3    5    3    3    4     18750    118750    261750
1  14         21324      195500    6    5    5    6    1    1    5    4    3    0    0    5    5    3    2    6    0    4    6    3    6    3    3    6    6    3    4    134000     45500    234000
1  15         21573      136250    5    1    6    5    5    2    0    6    6    0    0    4    2    1    6    6    3    6    6    3    5    3    3    5    3    5    4     48750    127500    225000
1  16         21456      700000    0    4    5    6    4    1    4    6    2    0    0    6    3    0    6    5    0    6    3    0    3    3    3    5    3    3    4      6000     59500    357000
1  17         21350      137000    0    6    1    4    6    4    5    4    6    6    0    5    6    3    5    4    3    2    3    0    5    3    3    6    3    3    6     82000     76000    260000
1  18         21407      591875    2    6    4    6    6    0    4    6    1    2    5    6    5    5    5    3    0    4    3    6    6    3    3    6    3    5    5    117000     73625    229500
1  19         21186      154375    3    2    6    6    5    4    2    6    4    5    0    6    5    0    1    5    2    5    3    3    6    3    3    5    3    3    6     40625    112500    250000