
1  0         91332       39088    0    1    0    0    1    0    0    1    1    0    1    1    0    1    1    0    1    1    0    1    1    0    1    1    0    1    1    1    1    0    1    1    0    1    1    0    1    1    0    1    1    2    1    1    3    2    1    0    1    1    2    1    1    2    1    1    2    2    1    2    2    1    2    2    1    2    2    1    2    1    2    1    2    3    1    2    3    1    2    3    1    2    3    1    1    4    1   13    1   10     13384     66000      4000
1  1         90568       45716    0    1    0    0    1    0    0    1    1    0    1    1    0    1    1    0    1    1    0    1    1    0    1    1    0    1    1    1    1    0    1    1    0    1    1    0    1    1    0    1    1    2    2    1    0    1    1    3    1    1    2    1    1    2    1    1    2    2    1    1    2    1    2    2    1    2    2    1    2    1    2    1    2    3    1    3    3    0    2    3    1    2    3    1    6    3    0    7    2   13     13714     66000      4000
1  2         90100       42388    1    0    0    1    0    0    1    1    0    1    1    0    1    1    0    1    1    0    1    1    0    1    1    0    1    1    0    1    1    1    1    0    1    1    0    1    1    1    1    1    2    1    1    2    1    1    2    1    1    2    1    1    0    2    1    2    1    1    2    2    1    1    2    1    2    2    1    1    2    2    2    1    3    2    2    3    2    2    2    3    6    3    2    2    3    3    5    3    3    5     62941      6470     14117
1  3         91559       56000    0    1    0    0    1    0    1    1    0    1    1    0    1    1    0    1    1    0    1    1    0    0    1    1    0    1    1    0    1    1    1    1    1    1    1    1    1    1    1    2    1    1    2    1    1    2    1    1    0    1    2    2    1    1    2    1    1    1    1    2    1    1    2    1    1    2    1    1    2    0    2    2    3    2    6    2    3    2    2    3    2    2    3    2    2    4    1    9    2    6      8000     62000     14000
1  4         90166       64824    0    1    0    0    1    0    0    1    1    0    1    1    0    1    1    0    1    1    0    1    1    0    1    1    0    1    1    1    1    1    1    1    1    1    1    1    1    1    1    1    1    2    2    1    1    2    1    0    2    1    0    2    1    0    1    1    1    2    1    1    3    1    0    2    1    1    2    1    1    2    2    1    3    3    1    3    3    1    3    3    1    3    3    1    2    4    2    3    1   17     13704     59444     10556
1  5         90500       57936    0    1    0    0    1    0    1    1    0    1    1    0    1    1    0    1    1    0    1    1    0    1    1    0    1    1    0    1    1    1    1    1    1    1    1    1    1    1    1    0    1    2    0    1    2    2    1    1    0    1    2    0    1    2    0    1    2    0    1    3    0    1    3    1    1    2    1    1    2    1    2    2    1    3    3    3    3    2    1    3    3    1    3    3    1    4    2   19    1    2     10172     59828     13448
1  6         91442       44292    0    1    0    0    1    0    0    1    0    0    1    1    0    1    1    0    1    1    0    1    1    0    1    1    0    1    1    1    1    0    1    1    1    1    1    0    1    1    1    1    1    2    2    1    0    2    1    0    1    1    2    1    1    2    1    1    2    2    1    1    2    1    1    2    1    2    2    1    2    1    2    1    2    3    2    2    3    2    2    3    2    2    3    2    1    4    2   12    1    9     13214     63571      6429
1  7         91063       46670    0    1    0    0    1    0    1    1    0    1    1    0    1    1    0    0    1    0    1    1    0    1    1    0    1    1    0    1    1    1    1    1    1    0    1    1    0    1    1    2    1    1    2    1    1    2    1    1    2    1    1    2    1    1    0    1    2    2    1    2    1    1    2    1    1    2    0    1    3    1    2    1    2    3    2    0    3    3    2    3    2    2    2    7    0    4    2   13    2    5      6667     63334     13332
1  8         90962       56668    1    0    0    1    0    0    1    0    1    1    0    1    1    0    1    1    0    1    1    0    1    1    0    1    1    0    1    1    1    1    1    1    1    1    1    0    1    1    1    1    2    0    1    2    0    1    2    0    1    2    1    1    2    0    1    2    0    1    2    2    1    2    2    1    2    2    1    2    1    2    2    0    3    2    2    2    4    6    3    2    2    3    2    2    4    1    2    2    5   10     61666     14167      8334
1  9         90166       60006    0    1    0    0    1    0    0    1    1    0    1    1    0    1    1    0    1    1    0    1    1    0    1    1    0    1    1    1    1    1    1    1    1    1    1    1    1    1    1    1    1    2    1    1    1    1    1    2    2    1    0    1    1    1    1    1    2    2    1    1    3    1    0    3    1    0    1    1    2    1    2    2    3    3    1    3    3    1    4    3    0    3    3    1    2    4    1    6    1   14     13333     60000     10000
1  10         90052       52000    1    0    0    1    0    0    1    0    1    1    0    1    1    0    1    1    0    1    1    0    1    1    0    1    1    0    1    1    1    0    1    1    0    1    1    0    1    1    0    1    1    2    1    1    2    1    2    0    1    1    2    1    1    1    1    1    2    1    2    2    1    2    1    1    2    2    1    2    2    2    1    1    3    2    2    3    2    1    3    2    1    2    6    5    3    5    4    3    5    5     66000     13200      4000
1  11         90822       44800    0    1    0    0    1    0    0    1    1    0    1    1    0    1    1    0    1    1    0    1    1    0    1    1    0    1    1    1    1    0    1    1    0    1    1    0    1    1    0    1    1    2    1    1    1    2    1    0    1    1    2    1    1    2    1    1    2    2    1    2    2    1    2    2    1    2    2    1    2    1    2    1    2    3    1    6    2    5    2    3    2    2    3    1    5    3    4    5    3    4     13200     66000      4000
1  12         92104       71154    0    1    0    0    1    0    1    1    0    1    1    0    0    1    1    0    1    1    1    1    0    1    1    0    1    1    0    0    1    1    1    1    1    0    1    1    2    1    0    2    1    1    2    1    1    1    1    1    2    1    1    1    1    1    2    1    1    3    1    1    3    1    1    3    1    1    1    1    2    1    2    1    2    3    2    2    3    2    3    3    1    2    3    2    2    4    1    2    1   17      8319     63273     11770
1  13         90497       62610    0    1    0    0    1    0    0    1    1    0    1    1    0    1    1    0    1    1    0    1    1    0    1    1    0    1    1    1    1    1    1    1    0    1    1    1    1    1    0    1    1    2    1    1    2    2    1    0    1    1    2    1    1    1    1    1    2    2    1    1    2    1    2    2    1    1    2    1    2    2    2    0    2    3    2    2    3    2    2    3    1    2    3    1    1    4    1   12    1   11     13695     65434      4566
1  14         90023       50000    0    0    1    0    0    1    1    0    1    1    0    1    1    0    1    1    0    1    1    0    1    1    0    1    1    0    1    0    1    1    0    1    1    0    1    1    0    1    1    2    1    1    1    1    1    1    1    1    0    2    1    2    1    1    2    1    1    2    2    1    2    2    1    2    2    1    2    2    1    1    1    2    1    2    3    5    6    2    2    2    3    1    2    3    1    1    4    8    9    2      4000     13000     66000
1  15         91865       54816    0    0    1    0    0    1    0    1    1    0    1    1    0    1    1    0    1    1    0    1    1    0    1    1    0    1    1    1    1    1    1    0    1    1    1    1    1    1    1    1    2    1    1    2    1    2    0    1    2    0    1    1    2    1    1    2    1    2    1    1    2    1    1    2    1    1    2    1    1    2    0    2    3    1    3    3    1    3    3    1    3    3    1    3    2    1    4    6   15    1     12967      9443     60553
1  16         90352       53336    0    0    1    0    0    1    0    1    1    0    1    1    0    1    1    0    1    1    0    1    1    1    0    1    0    1    1    1    0    1    1    1    1    1    1    1    1    0    1    2    0    1    2    0    1    1    2    1    1    2    1    1    2    1    1    2    1    3    0    1    2    1    1    2    2    1    2    1    1    1    1    2    2    2    3    2    2    3    7    1    2    1    4    3    1    1    4    6   11    2     13334      6666     63334
1  17         90584       53494    1    0    0    1    0    0    1    1    0    1    1    0    1    1    0    1    1    0    1    1    0    1    1    0    1    1    0    1    1    1    1    1    1    1    1    1    1    1    1    1    2    1    1    2    1    1    1    1    1    2    1    1    0    2    1    0    2    1    1    2    1    1    2    1    1    2    1    1    2    2    0    2    3    1    3    3    1    3    3    1    3    3    1    3    4    0    3    1   16    5     60000      9535     13488
1  18         92071       52600    1    0    0    1    0    0    1    0    1    1    1    0    1    0    1    1    0    1    1    0    1    1    0    1    1    0    1    1    1    0    1    1    0    1    1    1    1    1    0    1    1    2    1    2    0    1    1    2    1    1    2    1    1    2    1    1    2    1    2    1    1    2    1    1    2    1    1    2    2    2    1    1    3    3    0    3    2    2    3    2    2    2    7    2    3    6    1    3    1   12     63700     13300      6300
1  19         92581       40000    0    1    0    0    1    0    1    1    0    1    1    0    1    1    0    1    1    0    1    1    0    1    1    0    1    1    0    1    1    1    1    1    1    0    1    1    0    1    1    2    1    1    2    1    1    0    1    2    0    1    2    0    1    2    0    1    2    1    1    2    0    1    3    1    1    2    0    1    3    0    2    2    0    3    3    0    3    3    0    3    3    0    3    3    2    4    1   25    1    3      7038     62962     13696