
2  0        128153     1463800   11    0    4   12    1    5   13    2   10   14    3   32   15    4   33   16    5   34   17    6   35   18    6   42   19    7   42   20    7   43   21    8   43   22    8   43   23    9   44   24    9   44   25   10   44   26   10   45   27   25   45   28   26   45   29   27   46   30   28   46   31   29   46   32   30   46   33   31   46   34   32   47   35   33   47   36   34   47   37   35   47   38   36   48   39   36   48   40   37   49   41   37   49   42   38   49   43   38   49   44   39   49   45   39   49   46   40   49   47   40   49   47   41   49   48   41   49   48   42   49    153000     54000     34500
2  1        128045     2114800   10    0    5   11    1   22   12    2   23   13    3   24   14    4   45   15    5   45   16    6    4   17    6   45   18    7   45   19    7   46   20    8   46   21    8   46   22    9   46   23    9   46   24   25   46   25   26   46   26   27   47   27   28   47   28   29   47   29   30   47   30   31   49   31   32   47   32   32   47   33   33   47   34   33   47   35   34   48   36   34   48   36   35   48   37   35   47   37   43   47   38   43   48   38   43   48   39   43   48   39   43   48   40   44   48   40   44   49   41   44   49   41   44   49   42   44   49   42   45   49    135000     54000     60750
2  2        124957     1863800   11    3    6   12    4    1   13    5    1   14    6    9   15    7   25   16    8   26   17    9   36   18   10   37   19   10   38   20   27   41   21   28   40   22   29   40   23   30   40   24   31   40   25   32   40   26   33   41   27   34   41   28   35   42   29   36   22   30   37   42   31   38   43   32   39   42   33    0   42   34   41   42   35   26   43   36   43    1   37   44   45   38   44   24   39   45   44   40   23   46   41    2   46   42   46   45   43   47   25   44   48   47   45   49   48   46   49   39   47   49   47   47   49   49   48   49   48   48    8   49    140000     90000     20000
2  3        127451     1438622   11    0    4   12    1    5   13    2   10   14    3   32   15    4   33   16    5   34   17    6   35   18    6   40   19    7   42   20    7   42   21    8   43   22    8   43   23    9   43   24    9   44   25   10   44   26   10   44   27   25   44   28   26   45   29   27   45   30   28   45   31   29   46   32   30   46   33   31   46   34   32   46   35   33   47   36   34   47   37   35   47   38   36   48   39   36   48   40   37   49   41   37   49   42   38   49   43   38   49   44   39   49   45   39   49   46   40   49   47   40   49   47   41   49   48   41   49   48   42   49    153000     54000     33137
2  4        124789      330500   11    0    4   12    1    5   13    2   10   14    3   23   15    4   24   16    5   32   17    6   33   18    6   34   19    7   35   20    7   42   21    8   43   22    8   43   23    9   43   24    9   44   25   10   44   26   10   31   27   25   44   28   26   45   29   27   45   30   28   49   31   29   45   32   30   46   33   31   46   34   32   46   35   33   49   36   34   22   37   35   47   38   36   47   39   36   49   40   37   48   41   37   48   42   38   49   43   38   49   44   39   49   45   39   49   46   40   49   47   40   49   47   41   49   48   41   49   48   42   49    143250     54000     33750
2  5        124867     1455300   11    0    4   12    1    5   13    2   10   14    3   32   15    4   33   16    5   41   17    6   35   18    6   41   19    7   42   20    7   42   21    8   42   22    8   43   23    9   43   24    9   43   25   10   44   26   10   44   27   25   44   28   26   44   29   27   45   30   28   45   31   29   45   32   30   46   33   31   46   34   32   46   35   33   47   36   34   47   37   35   48   38   36   48   39   36   49   40   37   49   41   37   49   42   38   49   43   38   49   44   39   49   45   39   49   46   40   49   47   40   49   47   41   49   48   41   49   48   42   49    153000     54000     33750
2  6        120661     1538800   10    0    5   11    1   22   12    2   23   13    3   24   14    4   45   15    5   45   16    6   45   17    6   45   18    7   45   19    7   46   20    8   46   21    8   46   22    9   46   23    9   46   24   25   46   25   26    4   26   27   47   27   28   49   28   29   47   29   30   47   30   31   47   31   32   47   32   32   47   33   33   47   34   33   47   35   34   48   36   34   48   36   35   49   37   35   48   37   43   48   38   43   48   38   43   48   39   43   48   39   43   48   40   44   49   40   44   49   41   44   49   41   44   49   42   44   49   42   45   49    135000     54000     46875
2  7        124849     1287032   11    0    4   12    1    5   13    2   10   14    3   32   15    4   33   16   35   34   17    6   45   18    6   40   19    7   46   20    7   49   21    8   42   22    8   43   23    9   43   24    9   43   25   10   44   26   10   44   27   25   44   28   26   45   29   27   45   30   28   45   31   29    3   32   30   46   33   31   46   34   32   46   35   33   47   36   34   47   37   35   48   38   36   48   39   36   49   40   37   49   41   37   49   42   38   49   43   38   49   44   39   49   45   39   49   46    5   49   47   40   49   47   41   49   48   41   49   48   42   49    153000     49846     31154
2  8        121653     1409300   11    0    4   12    1    5   13    2   10   14    3   32   15    4   33   16    5   34   17    6   35   18    6   42   19    7   42   20    7   43   21    8   43   22    8   43   23    9   44   24    9   44   25   10   44   26   10   44   27   25   44   28   26   44   29   27   45   30   28   45   31   29   45   32   30   46   33   31   46   34   32   46   35   33   47   36   34   47   37   35   48   38   36   48   39   36   49   40   37   49   41   37   49   42   38   49   43   38   49   44   39   49   45   39   49   46   40   49   47   40   49   47   41   49   48   41   49   48   42   49    153000     54000     33750
2  9        123350     1442300   11    0    4   12    1    5   13    2   10   14    3   32   15    4   33   16    5   13   17    6   35   18    6   42   19    7   42   20    7   43   21    8   43   22    8   43   23    9   44   24    9   44   25   10   44   26   10   45   27   25   45   28   26   45   29   27   46   30   28   46   31   29   46   32   30   46   33   31   46   34   32   47   35   33   47   36   34   48   37   35   48   38   36   48   39   36   49   40   37   49   41   37   49   42   38   49   43   38   49   44   39   49   45   39   49   46   40   49   47   40   49   47   41   49   48   41   49   48   42   49    153000     54000     33750
2  10        122031     1468800   11    0    4   12    1    5   13    2   10   14    3   23   15    4   24   16    5   34   17    6   35   18    6   40   19    7   35   20    7   42   21    8   43   22    8   43   23    9   43   24    9   44   25   10   44   26   10   44   27   25   44   28   26   45   29   27   45   30   28   45   31   29   45   32   30   46   33   31   46   34   32   47   35   33   46   36   34   47   37   35   48   38   36   47   39   36   49   40   37   49   41   37   49   42   38   49   43   38   49   44   39   49   45   39   49   46   40   49   47   40   49   47   41   49   48   41   49   48   42   49    152500     54500     32500
2  11        120532     1396300   11    0    4   12    1    5   13    2   10   14    3   32   15    4   33   16    5   34   17    6   35   18    6   42   19    7   42   20    7   43   21    8   43   22    8   43   23    9   44   24    9   44   25   10   44   26   10   45   27   25   45   28   26   45   29   27   46   30   28   46   31   29   46   32   30   46   33   31   47   34   32   47   35   33   48   36   34   48   37   35   48   38   36   48   39   36   49   40   37   49   41   37   49   42   38   49   43   38   49   44   39   49   45   39   49   46   40   49   47   40   49   47   41   49   48   41   49   48   42   49    153000     54000     33750
2  12        131439     1195984   11    0    4   12    1    5   13    2   10   14    3   32   15    4   33   16    5   34   17    6   35   18    6   42   19    7   42   20    7   22   21    8   43   22    8   43   23    9   43   24    9   23   25   10   44   26   10   44   27   25   44   28   26   45   29   27   45   30   28   45   31   29   46   32   30   46   33   31   46   34   32   47   35   33   47   36   34   48   37   35   48   38   36   49   39   36   49   40   37   49   41   37   49   42   38   49   43   38    3   44   39   49   45   39   49   46   40   24   47   40   49   47   41   49   48   41   49   48   42   49    150000     50000     36818
2  13        120154     1721800   11    0    4   12    1    5   13    2   10   14    3   32   15    4    3   16    5   34   17    6   35   18    6   41   19    7   42   20    7   43   21    8   43   22    8   43   23    9   43   24    9   45   25   10   44   26   10   44   27   25   45   28   26   45   29   27   45   30   28   45   31   29   46   32   30   46   33   31   46   34   32   47   35   33   47   36   34   48   37   35   48   38   36   49   39   36   49   40   37   49   41   37   49   42   38   49   43   38   49   44   39   49   45   39   49   46   40   49   47   40   49   47   41   49   48   41   49   48   42   49    157500     49500     40500
2  14        120352     1414724   11    0    4   12    1    5   13    2   10   14    3   32   15    4   33   16    5   34   17    6   35   18    6   40   19    7   30   20    7   42   21    8   43   22    8    5   23    9   43   24    9   43   25   10   44   26   10   44   27   25   44   28   26   45   29   27   45   30   28   45   31   29   46   32   30   46   33   31   46   34   32   47   35   33   47   36   34   48   37   35   48   38   36   49   39   36   49   40   37   49   41   37   49   42   38   49   43   38   49   44   39   49   45   39   49   46   40   49   47   40   49   47   41   49   48   41   49   48   42   49    153000     54000     31154
2  15        129256     1417800   11    0    4   12    1    5   13    2   10   14    3   32   15    4   33   16    5   34   17    6   35   18    6   40   19    7   41   20    7   42   21    8   43   22    8   43   23    9   43   24    9   43   25   10   44   26   10   44   27   25   44   28   26   45   29   27   45   30   28   45   31   29   46   32   30   46   33   31   46   34   32   46   35   33   47   36   34   47   37   35   48   38   36   48   39   36   49   40   37   49   41   37   49   42   38   49   43   38   49   44   39   49   45   39   49   46   40   49   47   40   49   47   41   49   48   41   49   48   42   49    153000     54000     33750
2  16        123955      446000   11    0    4   12    1    5   13    2   10   14    3   32   15    4   33   16    5   34   17    6   35   18    6   42   19    7   46   20    7   43   21    8   43   22    8   43   23    9   44   24    9   44   25   10   44   26   10   44   27   25   45   28   26   45   29   27   45   30   28   45   31   29   46   32   30   46   33   31   47   34   32   47   35   33   47   36   34   48   37   35   48   38   36   49   39   36   48   40   37   49   41   37   49   42   38   49   43   38   49   44   39   49   45   39   49   46   40   49   47   40   49   47   41   49   48   41   49   48   42   49    153000     54000     32333
2  17        126258      299500   11    0    4   12    1    5   13    2   10   14    3   32   15    4   33   16    5   34   17    6   35   18    6   49   19    7   42   20    7   24   21    8   22   22    8   43   23    9   43   24    9   43   25   10   44   26   10   49   27   25   44   28   26   44   29   27   45   30   28   45   31   29   45   32   30   46   33   31   46   34   32   46   35   33   46   36   34   47   37   35   47   38   36   48   39   36   48   40   37   23   41   37   49   42   38   49   43   38   49   44   39   49   45   39   49   46   40   49   47   40   49   47   41   49   48   41   49   48   42   49    146000     54000     33750
2  18        121202     1566200   11    0    4   12    1    5   13    2   10   14    3   23   15    4   24   16    5   32   17    6   33   18    6   34   19    7   35   20    7   42   21    8   43   22    8   43   23    9   43   24    9   44   25   10   44   26   10   44   27   25   44   28   26   45   29   27   45   30   28   45   31   29   45   32   30   46   33   31   46   34   32   46   35   33   46   36   34   47   37   35   47   38   36   47   39   36   48   40   37   48   41   37   48   42   38   49   43   38   49   44   39   49   45   39   49   46   40   49   47   40   49   47   41   49   48   41   49   48   42   49    151200     54000     40500
2  19        120708     1229620   11    0    4   12    1    5   13    2   10   14    3   32   15    4   33   16    5   34   17    6   35   18    6   41   19    7   42   20    7   43   21    8   43   22    8   49   23    9   43   24    9   44   25   10   44   26   10   44   27   25    3   28   26   45   29   27   46   30   28   45   31   29   45   32   30   46   33   31   46   34   32   46   35   33   47   36   34   47   37   35   48   38   36   48   39   36   49   40   37   49   41   37   49   42   38   49   43   38   49   44   39   49   45   39   49   46   40   24   47   40   22   47   41   49   48   23   49   48   42   49    150000     50000     36818