
1  0        150579     2287800   16   27   41    7   13   41   25   49   14   20   15   11   26   24   44   33   43   12   22   20   48   29   41   11   39    8    3   18   14    2    3    7   35   47    1   40    4   39   31   45   21   43   39   32   17   28    5   26   42   48   38   44   23   24   45    3   40   46   17    9   37    2   42   48    0   10   46   19   15   13   20   16   45   22   47   37   38   35   46   22   49   18   21   49   27   25    6   33    5   23   29   25   48   39   27   37   43   29   30   38   42   28   49   21   31   33   32   34   19   36   30   44   27   34   47    8   32   47   36   36     85000     50000    126000
1  1        150207     1782800   47   45    4   28   34   31   29   12   37   45   31   27   35   16    5    3   41   42    4   42   45   35   11   30   35   49   30    1   48   37   27   48    9   24   40   32   38   28   42   47   21   49   43   17   29   38   18   16   37    9    0   37   15   42   39   43   29    6   13    2   41    8    6   48   14   21   22   10   48   23   26   38   46   19   40   40   20   23   34   46   24   46   25   35   27   39   47   49   25   34   47   49   26   43   22   33   29    7   39   23   32   49   41   30   32   24   33   31    5   36   33   38   44   27   47   36   46   47   44   37     60000    135000     49500
1  2        150144     2275800   34   21    1   30   18   38   30    6    4   44   19   48   35   41   41    5   22   16    0   19   39    7   25   38   14   30   36    3   19   40    5   31   47    3   44   49   36   49   39    8   21   20    8    6   13   12   22   31   12   49   44   33    6   28   14   37   46   47   25   35   45   25   48   46   49   42   37   41   45   47   22   42   47   22    9   21   22   15   14   21   34    2   22   43   46   25   11   18   25   17    7   18   40   30   19   27   49   25   26   18   49   23   32   41   24   12   43   10   45   30   33   19   36   32   49   43   29   47   44   37     49500     30750    180000
1  3        150482     2384300   29   47   49   49   49   42   28   37   15   43   35   48   19   34   15   49    7   44    0   31    0   24   25   37   28   44   48   19   46   39   31   42   39   35   14   12   29   41   39   33   13   19   26    4   34   47    2   18   40   16   27   38    5   39   46    9   24   24   10   45    7    6   32    3    8   33   41   45   23   38   11   26   41   20   12   27    1   46   40   21   26   44   23   42   49   22   48   43   22   25   29   27   48   49   30   28   35   30   48   29   43   45   33   40   49   48   32   18   43   36   34   47   17   33   47   38   41   47   36   37     56250    135000     67500
1  4        150758     2476800   20   17   21   42   49   33   10   19    8    0   16   13   17   47   34   46   31   32   26   38   24   43   15   35   31   34   18   41   43   46   45   45    7   23   18   37   28    9   30   41   49    8   14   12   28   32   13    7   20    4   46   15   40   43   35   21   16    5   37   40   30    6   41    1   10   13   34   14    3   35   24   15   48   38   19   47   39   46   48   11   42   27   22   35   44   22   29    2   30   28   49   25   48   23   39   49   40   25   32   44   26   41   44   42   47   48   33   31   44   27   33   45   29   47   48   36   46   47   36   37     81000    126000     60750
1  5        150278     2396800   29   13   29   28   24   17    0   35   48   19   45    2   37   37   20   36   32    1    8   26    2   27    2    4   25    7   38   42   10   39   34    0   21   14   43   39   15   30   22   16   18   17   45   16   46   23   24   48    5   19   37   42    6   40   20   40   12    9   46   48   49   28   13   38   14   49   41   10   15    3   43   11   49   41   12   31   47   34   46   49   23   47   22   38   27   18   35   11   25   41   30   39   43   49   25   26   21   33   40   29   31   48   45   34   26   44   32   42   44   30   33   44   32   48   47   36   35   47   36   33     99000     90000     76500
1  6        151050     2667800   38   19   22   44   15   39   33   11    5    4   34   48   20   15   43   23   14    6   23   40    3   14   35   38   26   37   32   48   41   33   31    8   18   29   13   48   40    0   35   24   24   31   31   29   17   49    6   20   47   16   43   49   45    5   17   10   43   16    7   21    8   49   11   39   34   49    1   37   39   46    2   32   42   21   28   26   25   46   40   28   46   48   22   43   18   25   23   38   12   35   42   27   19   42   32   48   27   30   41   49   30   46   44   41   48   47    9   26   44   45   33   44   14   39   47   36   36   47   36   47     81000    126000     63000
1  7        150450     1897800   14   35    2   35   27   30   34   40    9   39   43    5   13   16   47   26    2   26    0   31   41   34   28   38   43   47   45   41   44   32   42   35   45   20   22    1   39   10   38   28   45    3   24   29   25    8   48    7   22    2   42   18   12   34   19   10   40   27   25    9   23   43   44   17   23   36   16   42    6   46   35   48   46   35    4   32   12   38   49   45   37   36   29   10   49   23   12   48   27   43   40   25   31   15   30   25   48   45   28   29   12   31   21   45   33   49   27   33   44   41   33   11   36   37   47   24   30   47   44   37    135000     22500     90000
1  8        150047     1896300   38   38   17   49    5    0   28   48   45   31   39   49    8    3   47   25   16   28   35   16   47   46   33   32   22   15   44   48   42    4   37   25   40    9   26   12   14    3   19   42   46    7   40   33   31   48    5   41   45   29   21   27   10    9   48   10   13   14    1   35   15   35   18   27   39    2   46    6   11   15   14   41   22   45   25   43   34   29   48   40   39   43   16   34   30   43   24   44   43   30   47   43   23   48   27   38   44    8   26   27   32   46   48   32   49   22   37   42   34   24   33   10    6   20   49   36   36   47   36   37     51150     47700    153000
1  9        150350     2231800    4   45   46   18   18   46   48   48   31   30   16   17   38   38    6    9   47   48    8   32   20    2   30   38   18    7   44   26   49   27   23    3    4   24   44   42   24   44   14   24    5   12   42   29   49   26    8   48   41   40   16   40   10    1   22   40   45   10   29   39   49    9   11   45   33   27   37   36   15   40   22   34   45   41   43   49   28   47   49   22   13   41   25   23   14   47   42   42   33   25    7   37   35   47   30   26   36   41   28   35   32   31    2   35   39    0   32   21   29   49   34   24   33   43   47   36   19   10   36   37     45000     81000    135000
1  10        150263     2000800    1   33   40   37    6   22   45   39   30    9   49   38   32   41   48   42   33   49   36   41   44   34    3   40   46   43   36   38   10   47   35   47   14   48   45   49   43   37   18   48   45   46   27    9    7   29   49   12   44    4    5   46    6   20    0   10   35    2    6   25   29   32   21   48   39   15   29   10   31    8   10   16   10   29   39   32   47   19   27   32   24   27   10   17   27    4   43   47    8   26    8   38   41   48   29   13    3   32   28   32   30   23    6   42   11    9   39   33    4   32   34   47   41   42   44   29   45   47   36   37     49500     17500    189000
1  11        150065     2297800   28   47   36   42   11   21    5   26   16   35   45   23   27   47   43   42   31   20   42   47   42    7   27   38   46   33    7   27    8   39   45   41   39    1   10   48   29   25   30   24    4   12   49   44   27   35   41    9   48    5   31   46   49   38    1   32   37   49   47   17   34    8   45   41   41   11   34   46    6   34   14   22   49   10   29   40   22    0   49   35   13   19   40   24   48   23   43   35   19   25    2    3   18   46   34   33   46   32   15   48   30   26   44   32   48   36   44   28   45   21   40   47   36   33   19   14   49   47   44   37     49500     76500    135000
1  12        150226     2125800   40   43   20   49   23    8   25   21   24   46   47   14   32   28   10   46   34   31   19   29    9   33   48   38   47   18   19    4   13   16   29   33   42   49   26   41   48    0   17   34   21   41   36   29   13   31   24    5    8   12   30   42   43   48   46   27    6   18    1   28   36   14   15   27   20   11   29   12   37   48   46   45   18   43   35   25   47   35   46   49    7   49   43    2   48   42   26   49   22   23   49   40   22   30   25   40    4   27   47   38   32   39   49   32   44    3   32   45   44   39   33   44   39   38   21   36   34   47   36   37     57000     63000    135000
1  13        150245     2335800   33    6    4   45   17   23   37    9   32   35   31   24   16   12   33   44   15   16   20    0   27   48   21   40   42   39   46   48   20   31   49   28    8   37   43   15   27   44   13   34   29   24   13   18   17   30    6   46   47   38   46   49    4    8   38   10   38   49   39    7   40   40    9   11   11   34   43   28   41   25   14   18   32   22    1   41   14   10   43   25   45    5   45   19   15   25    2   22   19   23   39   29   26   48   32   26   35   30   36   17   41   31   44   30   43   42   14    3   47   33   39   12   36   29   28   36   21   47   36   37    121500     45000     90000
1  14        152237     2300000   11   35    8   14   37   33   26    5   48   29   48   45   24   32   12   40    2    0   43    7   49   12    8   26   47    9   42   34    3   40   18   27   48   42   29    6   27   25   27   41    4   36   44   23   34   30    6    5   19   49   49   13    9   16   38   39   11   35   22   39   28   10    2   48   22   24   10   37   45   40   46   25   38   12   16   49   42   49   15   15   36   31   23    1   21   25   28   41   34   48   20   35   26   43    7   46   46   30   31   44   32   45   39   32   48   17   16   31   45   26   49   33   36   33   47   36   37   47   44   37    135000     76500     47700
1  15        150357     2332800   37    7   31   48   47   36   29    1   22   42    4   46   49   30   13   34   36   42   30   38   32   21    4   39    5   49   33   44   14   33   43   24   12   17   43   40   34   45   35   17   21   47    9   45   48   30    9    6    9   24   19   47    5   38   44    2   26   44   10   20   46   10    3   24   49   29   44   14   11   10    0   16   41   14   48   49    7   15   17   25   40   21   30    8   25   35   23   46   49   41   42   25   43   24   25   31   44   38   49   44   30   27   44   32   45   44   21   28   46   17   18   47   41   39   47   37   34   47   36   37     33125     50000    180000
1  16        150410     1922800    1   25   23   45    2   21   48   37   37   31   42    8   14   45   47   32   24   26   47    0   20   25    3   44   37   38    6   13   35   11   27   33   35   48   44   18    3    9   23    1    4   48   30   41   46   27   29   17   20   14   38    7   10   26   45    5   24   28   29   15   43    9   16   41   10   40   48   31   41   13   39   43   29   22   46   48   22   48   14   43   40   44   46   49   36    7   49   33   30   49   39   28   19   39   25   28   32   30   27   42   39   34   36   36   47   44   32   42   38   13   34   39   36   12   47   32   33   47   31   45     27500     85000    135000
1  17        150202     2150400   26   21   43   28   18   34    2   41   32   47    6   43    0   31   35   43   47   39   10   41   49   27   39    5   19    3   45   10   39   13   37   37   30   44   23    6   42    7   29   24   41   19    4   40   49   40   36    9   48   31   28   14   26   46   14   40   11   40   24   42   21   21   12   16   45   35   48   10   33   22    3   17   45   22   15   30   38   18    7   25    8   48   25   26   42   25   38   29   22   46   16   20   41   25   32   23   24   36   48   38   48   31   47    1   34   47   32   27   44   36   33   44   36   49   47   44   20   47   36   37     76500     47700    135000
1  18        150064     2783800   28   41   25    1    2   28   10   33    7   36   19   49   35   40   45   43   37   15    4   34    8   22   16   27   45   40   20   38   17   39   47   47   47   39   49   18   38   37   48   39    8   35   47    4    9   17    8    3   42    1    5   45   13   41    6   10   49   42   10   19   42   16   46   44   42   12   17    2   24   36   22   29   36   13    0   13   22   11   46   47   23   48   16   21   45   44   14   36   48   26   13   46   38   44   42   40   49   17   32   32   42   31   44    6   48    6   46   30   48   36   34   49   36   33   47   44   43   22   44   37     36000     45000    189000
1  19        150043     2627800    6   44   45   36   28   17   40   26    7   47   14   28   27   46   38   36   21   49   48   15   13    5   43   48   43   12   15    2    9   44   48    1   20   23   24   18    6   26   39   49   21    0   48   42   46   14   46   37    2   22   34   40   47   33    6   35   28   44   40   29   22    8   42   39   10   31   49   10    4   42   12   29   48   41   38   49   49   19   40    5   11   30   45   24   47   16   30   22   25   41   49   16   23   49    3   28   40   25   27   38   48   33   45   36   31   45   30   35   47   32   34   27   39   43   47   47   32   47   36   37     36000     99000    135000