
1  0         62346      614000    1    1    0    1    0    1    0    1    0    1    0    1    0    1    0    1    0    1    1    1    1    1    0    1    1    1    2    1    1    1    2    1    2    1    1    1    2    1    2    1    2    1    2    1    2    1    1    2    5    2    3    3    3    3    2    3    3    3    3    3     14000     72000
1  1         63123      570500    1    0    1    0    1    0    1    0    1    0    1    0    1    0    1    0    1    0    1    1    1    1    1    1    1    1    1    2    1    2    1    1    1    1    1    1    1    1    1    2    1    2    1    2    1    2    2    2    2    4    2    5    3    3    3    2    3    4    4    2     63250     20125
1  2         67779      524668    0    1    0    1    0    1    0    1    0    1    0    1    0    1    0    1    0    1    1    1    1    1    1    1    1    1    1    1    5    0    1    1    1    1    1    1    1    1    2    1    2    1    2    1    2    1    1    2    5    2    6    2    2    3    2    3    0    5    4    3     18000     64667
1  3         63732      590500    0    1    0    1    1    1    0    1    0    1    1    1    1    1    0    1    0    1    1    1    1    1    1    1    1    1    1    1    2    1    1    1    1    1    1    1    4    1    2    1    2    1    2    1    2    1    1    2    5    2    4    2    2    3    1    3    0    4    4    3     16750     70000
1  4         63720      546000    0    1    0    1    0    1    0    1    1    1    0    1    0    1    0    1    0    1    1    1    1    1    1    1    1    1    1    1    1    1    2    1    2    1    1    1    2    1    2    1    2    1    2    1    2    1    1    2    3    3    5    2    2    3    2    3    4    3    3    3     16000     68000
1  5         64034      530000    1    0    1    0    1    0    1    0    1    0    1    0    1    0    1    0    1    0    1    1    1    1    1    1    1    1    1    2    1    2    1    2    1    2    1    1    1    2    1    2    1    2    1    2    1    2    2    1    3    2    2    5    2    5    3    2    4    1    3    3     68000     16000
1  6         61941      105886    1    0    1    0    1    0    1    0    1    0    1    0    1    0    1    0    1    0    1    1    1    1    1    1    1    1    1    1    1    2    1    1    1    1    1    1    1    1    1    2    1    2    1    2    1    2    2    1    3    2    3    2    3    2    2    6    4    1    2    9     65883     16470
1  7         60034      634000    1    0    1    0    1    0    1    0    1    1    1    0    1    0    1    1    1    0    2    0    1    1    1    1    1    1    1    1    1    1    1    1    1    2    1    1    1    1    1    2    0    4    1    2    1    2    2    2    3    2    2    4    2    4    3    2    4    2    3    4     63000     22750
1  8         65353      584000    1    0    1    0    1    0    1    1    1    0    1    0    1    0    1    0    1    0    1    1    1    1    1    1    1    1    1    2    1    1    1    1    1    1    1    2    1    2    1    2    1    2    1    2    1    2    2    2    2    4    2    4    3    2    3    2    4    2    3    4     63250     20125
1  9         66712      554000    1    0    1    0    1    0    1    0    1    0    1    0    1    0    1    0    1    0    1    1    1    1    1    1    1    1    1    2    1    1    1    1    1    1    1    2    1    3    1    2    1    2    1    2    1    2    2    1    3    2    2    5    2    5    3    2    4    2    3    3     68000     16000
1  10         60503      510000    0    1    0    1    0    1    0    1    0    1    0    1    0    1    0    1    0    1    1    1    1    1    1    1    1    1    1    1    1    1    2    1    1    1    1    1    4    1    2    1    2    1    2    1    2    1    1    2    6    2    1    3    2    3    2    3    4    3    4    3     15000     70000
1  11         61535      650000    0    1    0    1    0    1    0    1    0    1    0    1    0    1    0    1    0    1    1    1    4    0    1    1    1    1    1    1    2    1    1    1    1    1    2    1    1    1    2    1    2    1    1    1    2    1    1    2    2    3    3    3    3    3    3    3    1    4    7    2     20000     70000
1  12         64319      171000    1    0    1    0    1    0    1    0    1    0    1    0    1    0    1    0    1    0    1    1    1    1    1    1    1    1    1    1    1    2    1    1    1    1    1    2    1    2    1    2    1    2    1    2    1    2    2    1    3    1    2    5    3    3    3    2    3    5    3    4     66000     16500
1  13         64035      571600    1    0    1    0    1    0    1    1    1    0    1    0    1    0    1    0    1    0    1    1    1    1    1    1    1    1    1    1    1    1    1    1    1    1    1    2    1    2    1    2    1    2    1    2    1    2    2    1    3    3    3    2    3    2    3    3    3    3    2    7     67200     16800
1  14         61201      477370    0    1    0    1    0    1    0    1    0    1    0    1    0    1    0    1    1    1    1    1    1    1    1    1    1    1    1    1    1    1    2    1    1    1    1    1    1    1    2    1    2    1    2    1    2    1    5    1    2    3    5    2    2    3    2    3    1    4    5    3     16842     65789
1  15         61381      594000    0    1    0    1    0    1    0    1    0    1    0    1    0    1    0    1    0    1    1    1    1    1    0    1    0    1    1    1    2    1    2    1    2    1    2    1    2    1    2    1    2    1    2    1    2    1    2    2    3    3    3    3    5    2    1    3    3    3    4    3     14000     72000
1  16         62668      521430    1    0    1    0    1    0    1    0    1    0    1    0    1    0    1    1    1    0    1    1    1    1    1    1    1    1    1    1    1    1    1    1    1    2    1    2    1    1    1    2    1    2    1    2    1    2    2    1    3    2    3    1    2    5    3    3    4    1    2    8     65714     17143
1  17         63403      155000    0    1    0    1    0    1    0    1    0    1    0    1    0    1    0    1    0    1    1    1    1    1    1    1    1    1    1    1    1    1    2    1    2    1    1    1    1    1    2    1    2    1    2    1    2    1    1    2    3    3    2    3    5    2    2    3    5    3    4    3     16500     66000
1  18         70961      120004    0    1    0    1    0    1    0    1    0    1    0    1    0    1    0    1    0    1    1    1    1    1    1    1    1    1    1    1    1    1    1    1    1    1    1    1    1    1    2    1    2    1    2    1    6    0    1    2    6    2    2    3    2    3    2    3    2    4    5    3     16666     65556
1  19         60219      122354    0    1    0    1    0    1    0    1    0    1    0    1    0    1    0    1    0    1    1    1    1    1    1    1    1    1    1    1    1    1    2    1    2    1    1    1    1    1    2    1    2    1    2    1    2    1    1    2    2    3    6    2    5    2    2    3    1    4    5    3     16469     65885