
1  0        102399      511334    1    0    1    0    2    1    1    0    2    0    1    2    0    0    3    0    3    0    0    0    3    2    0    0    0    0    3    0    3    0    2    0    0    0    1    2    0    2    1    1    1    1    2    1    0    0    0    4    1    2    0    1    2    0    1    2    0    2    1    0    0    3    1    2    0    1    1    2    1    3    2    0    3    2    3    4    2    2    2    4    3    3    2    3    4    3    3    6    1    2     36000     25555     23333
1  1        103147      514000    1    1    0    0    1    1    1    1    1    0    1    1    0    1    1    2    0    1    0    1    1    0    2    0    0    1    1    1    1    1    1    0    2    0    0    3    0    1    2    5    0    0    1    1    1    0    1    2    3    1    0    0    1    2    0    1    2    1    1    2    0    0    4    2    1    1    3    0    1    2    3    0    4    4    0    3    0    6    3    3    2    1    4    3    3    6    0    5    4    1     21666     35834     27166
1  2         92011      516334    1    1    0    1    0    1    2    0    0    0    1    2    1    2    0    0    3    0    0    2    1    2    0    0    2    0    0    0    1    2    1    0    2    3    0    0    0    2    1    0    2    2    0    4    0    0    3    1    0    3    1    0    1    3    1    0    2    2    0    1    2    1    0    0    2    2    0    0    4    2    1    2    3    1    4    1    3    4    5    1    1    4    3    1    3    4    3    6    1    2     35000     23332     25501
1  3        115375      578006    0    1    1    0    1    1    1    0    2    0    2    0    1    0    2    2    0    0    2    0    0    1    1    0    0    2    0    3    0    0    1    1    2    2    0    1    2    1    0    3    0    0    0    2    1    1    2    0    0    2    1    3    0    1    0    3    0    0    2    3    0    2    1    0    3    0    2    0    2    2    2    1    1    4    3    2    4    2    3    0    7    5    1    2    0    3    9    5    3    0     31500     35333     19334
1  4        177736      511334    0    0    3    1    1    0    0    2    0    3    0    0    0    0    3    0    1    1    2    0    1    1    0    2    1    0    2    1    2    0    1    1    1    4    0    0    2    1    0    2    0    2    4    0    0    1    2    0    0    0    3    1    2    0    0    1    2    2    0    2    0    2    1    0    3    0    3    1    0    1    2    2    0    4    3    0    6    1    0    3    4    2    3    3    3    3    4    7    2    2     21667     35000     28000
1  5         97235      529890    1    0    1    1    1    1    1    0    1    1    2    0    2    0    0    1    1    1    1    0    1    1    0    1    1    2    0    2    1    0    0    0    2    1    1    1    1    1    1    3    0    0    0    0    3    0    1    2    2    2    0    1    0    2    0    3    1    0    2    2    2    2    0    1    4    0    0    0    3    2    1    2    4    0    3    1    9    1    3    3    2    6    0    1    2    4    4    1    2    6     31500     18055     36000
1  6        132858      505000    0    1    1    0    1    1    0    3    0    1    1    1    1    0    1    0    0    2    1    2    0    3    0    0    3    0    0    1    1    1    0    0    2    4    0    0    2    2    0    1    0    2    0    0    2    3    1    0    0    0    2    4    0    0    1    3    0    0    1    2    0    1    2    1    2    1    1    0    2    2    3    1    0    0    6    2    5    2    0    3    4    2    7    1    4    3    3    5    2    3     23000     21000     40500
1  7         97350      504668    1    0    1    0    3    0    1    2    0    1    2    0    1    0    1    1    0    1    1    1    1    1    1    1    1    0    1    1    1    1    1    1    1    2    1    0    2    1    0    0    3    1    0    4    0    1    0    2    0    0    3    2    2    0    2    0    1    1    0    2    1    0    2    3    0    0    1    0    2    3    1    1    3    2    3    1    8    1    2    2    4    4    2    2    3    3    4    1    2    6     30000     20250     33167
1  8         96784      500000    1    1    0    1    0    1    2    0    0    1    0    2    2    0    0    1    1    0    1    1    0    1    0    2    1    0    2    1    2    0    0    1    3    0    3    0    2    0    0    1    1    2    1    1    1    0    2    2    0    3    0    0    2    2    1    1    2    1    2    0    0    3    1    2    0    1    1    2    0    4    0    0    3    2    3    3    3    1    2    2    6    2    2    6    3    3    4    4    4    1     40000     30000     15000
1  9         94224      530000    1    0    1    0    2    1    2    0    0    1    2    0    0    0    2    0    1    2    0    1    2    2    0    0    1    0    1    0    0    3    2    0    1    0    3    1    0    4    0    0    0    3    2    0    1    1    1    1    1    1    1    0    1    2    1    1    1    2    0    1    0    2    2    2    0    1    0    0    3    1    1    3    3    4    2    2    9    0    6    1    0    1    5    3    3    3    4    8    0    0     35000     18000     31500
1  10        167718      507000    0    1    1    0    3    0    0    0    2    2    1    0    3    0    0    1    2    0    0    3    0    2    0    1    0    0    2    0    2    1    0    0    2    2    0    1    0    0    2    1    1    1    2    0    1    0    1    2    1    0    2    0    2    1    2    2    0    0    1    2    0    0    3    3    0    1    3    1    0    0    6    0    3    5    1    3    1    4    5    0    3    6    1    2    1    4    4    2    5    3     22500     25000     36000
1  11         92507      543334    0    1    2    1    0    1    2    0    0    0    2    1    0    3    0    1    1    1    0    2    1    2    0    0    2    0    0    1    2    0    0    2    1    2    0    1    0    1    2    1    0    2    1    1    2    0    1    2    0    0    3    1    1    1    2    0    1    3    0    0    0    1    3    3    0    0    0    4    0    5    0    0    2    4    3    4    3    1    0    6    3    3    3    2    2    4    4    4    0    5     33333     24110     28446
1  12         95670      505000    2    0    0    0    2    1    2    0    0    1    0    1    2    0    0    0    2    1    1    0    1    0    1    2    1    0    1    0    4    0    0    0    3    2    1    0    0    3    1    0    0    3    1    0    2    0    0    3    1    3    0    2    1    0    1    3    0    2    0    1    0    1    3    2    2    0    2    0    1    3    1    1    1    4    4    0    8    2    4    2    2    4    1    2    5    2    2    3    1    5     35000     18750     30000
1  13        141262      530000    1    0    1    1    0    1    0    3    0    1    1    0    1    0    2    1    1    0    0    1    2    1    1    0    1    0    1    0    2    2    1    2    0    2    0    0    2    0    0    1    0    3    0    3    1    1    1    1    1    1    1    0    4    1    1    2    0    2    1    0    2    0    1    2    0    1    1    0    3    1    1    4    3    4    1    2    4    3    1    3    6    1    6    3    4    1    4    7    0    0     42000     21000     21000
1  14        130914      160548    2    0    1    2    0    1    0    1    1    0    2    0    0    1    1    2    1    0    2    1    0    0    2    0    1    0    2    1    1    1    1    0    2    5    0    0    0    2    0    1    1    1    2    0    2    0    0    3    1    2    0    1    2    0    1    2    0    4    1    0    2    0    2    0    2    1    0    1    2    0    0    5    3    1    4    2    5    0    0    1    7    6    2    2    0    5    4    3    6    0     16273     37453     30182
1  15         91213      514422    1    0    1    0    0    2    0    1    2    0    2    1    2    0    0    1    2    0    1    0    1    2    0    0    2    0    0    1    1    1    0    1    2    1    1    1    2    1    0    0    2    2    0    1    2    3    0    0    0    0    3    2    1    0    1    0    2    1    2    1    2    2    0    2    1    0    2    0    1    0    3    3    4    4    0    1   10    0    1    3    5    0    1    7    3    3    4    7    0    1     35263     19474     30763
1  16         97716      483500    1    1    0    0    2    0    0    1    1    4    0    0    0    1    1    1    0    2    1    0    2    0    1    1    4    0    0    3    0    1    0    0    3    0    0    3    1    1    1    1    2    0    0    1    2    1    0    3    3    1    0    1    0    3    2    0    2    3    1    0    1    2    0    1    1    2    1    2    0    0    4    0    3    3    2    1    5    0    1    2    5    3    0    7    4    5    0    1    6    1     17500     41250     26000
1  17        135250      522000    2    0    0    0    2    0    2    0    0    2    0    0    2    0    0    2    0    0    1    1    0    0    3    0    0    2    1    0    1    2    2    0    1    2    0    1    1    1    1    0    3    0    1    0    3    1    1    1    0    3    0    0    3    0    2    1    0    1    2    1    1    2    0    2    0    2    0    0    5    2    1    2    5    2    0    3    1    5    3    4    0    2    4    2    3    4    3    0    1   12     34000     30000     21000
1  18         95559      506000    1    1    0    1    0    1    2    0    0    1    1    1    0    2    1    1    0    1    0    1    2    0    1    2    1    0    2    1    1    1    2    0    0    1    2    0    2    0    0    0    0    4    2    1    0    2    0    1    1    2    0    1    1    1    1    0    2    0    4    1    1    3    0    2    1    0    1    2    1    3    0    1    3    5    0    1    0    8    2    3    4    1    1    7    1   10    1    7    0    0     40000     21625     23750
1  19        176072      515000    2    0    0    0    2    0    0    1    2    0    2    0    0    2    0    1    0    2    0    2    0    3    0    0    0    0    4    0    1    2    1    1    1    0    2    0    0    2    0    2    1    0    3    0    0    0    2    2    2    0    2    1    0    4    0    1    3    2    0    2    2    1    0    0    2    1    2    1    0    0    4    0    1    4    3    5    2    0    4    2    2    3    3    2    2    3    6    6    1    4     30000     37500     17500