
2  0         27405        5001    5    1    0    5    2    1    5    5    2    5    5    3    5    5    3    6    5    4    6    5    4    6    5    6    6    5    6    150000      7143    250000
2  1         27780        5001    2    0    5    1    1    5    5    2    5    5    3    5    5    3    5    5    4    6    5    4    6    5    6    6    5    6    6      7143    250000    150000
2  2         27543        5001    1    2    5    5    4    5    5    0    5    2    3    5    5    6    5    5    3    6    5    1    6    5    6    6    5    4    6      7143    250000    150000
2  3         28077        5001    2    0    5    1    1    5    5    2    5    5    3    5    5    3    5    5    4    6    5    4    6    5    6    6    5    6    6      7143    250000    150000
2  4         27201        8750    0    5    5    1    5    2    2    5    5    3    5    5    3    5    5    4    6    5    4    6    5    6    6    5    6    6    5    250000    150000      6250
2  5         27244        8750    0    5    5    1    5    2    2    5    5    3    5    5    3    5    5    4    6    5    4    6    5    6    6    5    6    6    5    250000    150000      6250
2  6         27626        5001    0    1    5    1    2    5    2    5    5    3    5    5    3    5    5    4    5    6    4    5    6    6    5    6    6    5    6    250000      7143    150000
2  7         27210        5001    5    5    0    5    2    1    5    1    2    5    5    3    5    5    3    6    5    4    6    5    4    6    5    6    6    5    6    150000      7143    250000
2  8         28202        5001    6    1    5    4    2    5    3    5    5    6    5    5    0    5    5    4    5    6    2    5    6    1    5    6    3    5    6    250000      7143    150000
2  9         27257        5001    5    0    1    5    4    2    5    3    5    5    6    5    5    2    5    6    4    5    6    3    5    6    6    5    6    1    5    150000    250000      7143
2  10         27757        5001    5    1    0    5    2    1    5    5    2    5    5    3    5    5    3    6    5    4    6    5    4    6    5    6    6    5    6    150000      7143    250000
2  11         27521        6306    6    4    5    5    2    5    2    4    5    5    3    5    5    3    5    5    6    6    5    1    6    5    0    6    5    6    6      8696    250000    147826
2  12         27416        5001    2    5    1    1    5    3    5    5    0    5    5    6    5    5    2    5    6    4    5    6    6    5    6    3    5    6    4      7143    150000    250000
2  13         27065        8750    5    5    0    2    5    1    5    5    2    5    5    3    5    5    3    5    6    4    5    6    4    5    6    6    5    6    6      6250    150000    250000
2  14         27572        5001    2    5    0    1    5    1    5    5    2    5    5    3    5    5    3    5    6    4    5    6    4    5    6    6    5    6    6      7143    150000    250000
2  15         27954        5001    5    1    0    5    2    1    5    5    2    5    5    3    5    5    3    6    5    4    6    5    4    6    5    6    6    5    6    150000      7143    250000
2  16         28698        5001    0    1    5    2    2    5    1    5    5    3    5    5    3    5    5    4    5    6    4    5    6    6    5    6    6    5    6    250000      7143    150000
2  17         28242        8750    0    5    5    1    5    2    2    5    5    3    5    5    3    5    5    4    6    5    4    6    5    6    6    5    6    6    5    250000    150000      6250
2  18         27100        5001    0    2    5    1    1    5    2    5    5    3    5    5    3    5    5    4    5    6    4    5    6    6    5    6    6    5    6    250000      7143    150000
2  19         27437        5001    2    5    1    4    5    5    1    5    2    3    5    5    3    5    5    6    6    5    4    6    5    0    6    5    6    6    5    250000    150000      7143