
0    183017.00     1371638.00
1    173926.00     1404468.00
2    115579.00     1339806.00
3     69384.00     1382800.00
4     66079.00     1317800.00
5    116150.00     1376950.00
6     95541.00     1360028.00
7     62162.00     1296300.00
8    196268.00     1384800.00
9    196456.00     1337800.00
10    144453.00     1344532.00
11    155701.00     1294026.00
12     47274.00     1423800.00
13    195186.00     1366800.00
14     28280.00     1385584.00
15    126618.00     1352300.00
16    113184.00     1404600.00
17     79026.00     1358914.00
18     91578.00     1272800.00
19     22296.00     1378098.00