
2  0         28698        5001    0    5    2    6    5    1    6    5    5    3    5    5    3    5    5    4    6    5    4    6    5    2    6    5    1    6    5    250000    150000      7143
2  1         29098        5001    0    3    1    1    3    2    2    3    3    4    5    3    4    5    3    5    6    3    5    6    3    6    6    3    6    6    3    250000    150000      7143
2  2         27154       10628    5    0    6    5    1    6    5    2    5    5    3    5    5    3    5    2    4    6    5    4    6    5    6    6    5    5    6     15625    250000    141667
2  3         27301        5001    2    6    0    6    5    1    6    6    2    6    6    3    6    6    3    1    5    4    6    6    4    6    6    5    6    6    5      7143    150000    250000
2  4         27081        5001    6    6    0    6    2    1    5    1    2    6    6    3    5    6    3    6    6    4    6    6    4    6    6    5    6    6    5    150000      7143    250000
2  5         27712        5001    5    0    5    1    1    5    5    6    5    5    3    5    5    3    5    2    4    6    5    4    6    5    2    6    5    6    6      7143    250000    150000
2  6         28047        5001    6    0    6    6    1    6    6    2    6    6    3    5    6    3    5    1    4    6    6    4    6    2    5    6    6    5    6      7143    250000    150000
2  7         27782        5001    5    5    0    5    5    1    2    5    3    5    5    3    5    5    4    1    6    4    5    6    2    5    6    6    5    6    6      7143    150000    250000
2  8         28351        5001    5    5    0    5    5    1    5    5    2    5    5    3    5    5    3    2    6    4    5    6    4    1    6    6    5    6    6      7143    150000    250000
2  9         28357        5001    0    5    2    6    5    1    6    5    5    3    5    5    3    5    5    4    6    5    4    6    5    2    6    5    1    6    5    250000    150000      7143
2  10         28705        6306    6    5    0    5    5    1    5    5    2    5    5    3    5    5    3    2    6    4    5    6    4    5    6    6    5    6    6      8696    147826    250000
2  11         27427        5001    1    0    5    2    2    5    6    1    6    6    3    6    6    4    6    6    4    6    6    3    6    6    5    6    6    5    6      7143    250000    150000
2  12         28808        5001    5    2    0    5    1    1    5    5    2    5    5    3    5    5    3    6    5    4    6    5    6    6    5    4    6    5    6    150000      7143    250000
2  13         28291        5001    0    0    6    1    1    6    2    2    6    3    3    5    3    3    5    4    4    6    4    4    6    1    5    6    2    5    6      7143    242857    157143
2  14         28632        5001    3    2    5    1    1    5    2    5    5    6    5    5    3    5    5    4    5    6    4    5    6    6    5    6    0    5    6    250000      7143    150000
2  15         28392        5001    2    6    2    1    5    5    6    5    3    6    6    1    6    6    3    6    6    0    6    6    4    6    6    5    6    6    4      7143    150000    250000
2  16         27213        5001    6    0    0    5    1    1    5    2    1    6    3    3    6    3    3    6    4    4    6    4    4    6    5    2    6    5    2    157143    242857      7143
2  17         27738        5001    5    5    0    5    1    6    5    2    6    5    5    3    5    5    3    6    5    4    6    5    4    6    5    2    6    5    1    150000      7143    250000
2  18         28225        5001    2    0    6    1    1    6    6    2    6    6    3    5    6    3    5    6    4    6    6    4    6    6    5    6    6    5    6      7143    250000    150000
2  19         27092        5001    0    5    2    6    5    5    6    5    5    3    5    1    3    5    5    4    6    5    4    6    5    2    6    5    1    6    5    250000    150000      7143