
2  0         27675        5001    5    5    0    5    1    1    5    5    2    5    2    3    5    5    3    6    5    4    6    5    4    6    5    6    6    5    6    150000      7143    250000
2  1         27891        5001    0    3    1    1    3    2    2    3    3    4    5    3    4    5    3    5    6    3    5    6    3    6    6    3    6    6    3    250000    150000      7143
2  2         28265        5001    5    0    5    5    6    5    5    1    5    5    3    5    5    2    5    2    3    6    5    4    6    1    4    6    5    6    6      7143    250000    150000
2  3         28611        5001    2    1    5    1    0    5    5    2    5    5    3    5    5    3    5    5    6    6    5    4    6    5    4    6    5    6    6      7143    250000    150000
2  4         27307        9286    1    6    0    2    3    1    0    5    2    5    3    3    5    3    3    6    4    4    6    4    4    6    4    2    6    5    5    235714    157144     14284
2  5         27926        5001    0    5    2    6    5    1    6    5    5    3    5    5    3    5    5    4    6    5    4    6    5    1    6    5    2    6    5    250000    150000      7143
2  6         27333        5001    2    2    5    0    1    5    3    5    5    1    5    5    4    5    5    3    5    6    4    5    6    6    5    6    6    5    6    250000      7143    150000
2  7         27693        5001    5    0    5    5    1    5    5    2    5    5    3    1    5    3    5    6    4    5    6    4    5    6    6    5    6    6    2    150000    250000      7143
2  8         27095        5001    6    0    6    6    1    5    2    2    5    6    3    6    6    3    6    1    4    6    6    4    6    6    5    6    6    5    6      7143    250000    150000
2  9         28197        5001    5    0    1    5    1    2    5    2    5    5    3    5    5    3    5    6    4    5    6    4    5    6    6    5    6    6    5    150000    250000      7143
2  10         27302        5001    0    5    1    1    6    0    2    6    2    3    6    3    3    6    3    4    6    4    4    6    4    1    5    5    2    6    5      7143    157143    242857
2  11         28878        5001    0    0    6    1    1    6    4    2    6    3    3    5    3    3    5    2    4    6    4    4    6    2    5    6    1    5    6      7143    242857    157143
2  12         29154        5001    1    0    5    2    1    5    5    2    5    5    3    5    5    3    5    5    4    6    5    6    6    5    4    6    5    6    6      7143    250000    150000
2  13         28062        5001    1    6    1    0    6    0    3    6    5    4    5    3    4    5    3    2    6    4    3    6    4    2    6    2    1    6    5      7143    157143    242857
2  14         27294        5001    5    0    5    5    1    5    5    2    5    5    3    5    5    3    5    2    4    6    5    4    6    5    6    6    1    6    6      7143    250000    150000
2  15         27711        5001    1    5    0    5    5    6    5    5    6    5    5    3    5    5    3    2    6    4    5    6    4    5    6    2    5    6    1      7143    150000    250000
2  16         27195        5001    5    1    0    5    2    6    5    5    6    5    5    3    5    5    3    6    5    4    6    5    4    6    5    1    6    5    2    150000      7143    250000
2  17         27050        5001    2    0    6    1    1    6    3    2    5    4    3    5    4    3    6    0    4    6    3    4    6    1    5    6    2    5    6      7143    242857    157143
2  18         28165        5001    5    1    0    5    5    1    5    2    2    5    5    4    5    5    3    6    5    3    6    5    4    6    5    6    6    5    6    150000      7143    250000
2  19         27344        5001    5    6    5    5    1    5    5    6    5    5    3    5    5    3    5    2    4    6    1    4    6    5    2    6    5    0    6      7143    250000    150000