
1  0         21034        9287    1    0    1    1    0    1    2    0    1    2    0    2    2    0    2    1    2    2    0    7    0     14286    157143    235714
1  1         21178        5001    0    1    0    0    1    1    0    1    1    0    2    0    0    2    0    2    2    0    7    0    7    150000    250000      7143
1  2         21196        9287    1    0    1    1    0    1    1    0    2    2    0    2    2    0    2    0    5    1    2    4    0    235714    157143     14286
1  3         21178        5001    0    1    0    1    1    0    1    1    0    0    2    0    0    2    0    0    2    2    7    0    7      7143    250000    150000
1  4         21178       13335    1    1    0    1    1    0    1    1    0    2    1    0    0    3    3    2    1    2    2    1    4    241667     16666    150000
1  5         21016        5001    1    0    0    1    1    0    1    1    0    2    0    0    2    0    0    2    0    2    0    7    7    250000      7143    150000
1  6         21322       13335    0    1    0    0    1    0    0    1    0    2    1    1    2    1    1    4    1    3    1    3    4     91667    258333     58333
1  7         21196        9287    0    1    1    0    1    1    0    1    2    0    2    2    0    2    2    5    0    1    4    2    0    157143    235714     14286
1  8         21196        5001    1    0    0    1    1    0    1    1    0    2    0    0    2    0    0    2    0    2    0    7    7    250000      7143    150000
1  9         21142        9287    1    0    1    1    0    1    1    0    2    2    0    2    0    3    2    2    2    1    2    4    0    235714    157143     14286
1  10         21196        6055    0    0    1    1    0    1    1    0    1    0    0    2    0    0    2    6    5    0    1    4    2     10525    147370    250000
1  11         21142       10239    0    1    1    0    1    1    0    1    1    0    1    2    0    1    2    5    4    0    4    0    2    152381      9524    245238
1  12         21160       13335    1    0    1    1    0    1    1    0    1    1    0    2    3    3    0    1    2    2    1    4    2     16666    150000    241667
1  13         21142       11250    1    0    0    0    2    1    0    2    1    1    2    1    1    2    1    3    0    1    3    1    4    243750     93750     68750
1  14         21376        5001    0    0    1    0    1    1    0    1    1    0    0    2    0    0    2    2    0    2    7    7    0    150000      7143    250000
1  15         21016        5003    0    0    1    0    1    1    0    2    1    0    1    2    0    1    2    2    0    2    7    4    0    153333      6667    246667
1  16         21142       21250    0    1    1    1    1    0    0    1    1    1    2    1    1    2    1    1    0    4    5    2    1    150000     93750    162500
1  17         21016        5715    1    0    0    1    1    0    1    2    0    2    0    0    2    0    0    2    0    2    0    6    7    250000      5000    152857
1  18         21034        5003    1    0    0    1    1    0    1    2    0    2    1    0    2    1    0    2    0    2    0    4    7    246667      6667    153333
1  19         21196        5001    0    0    1    1    0    1    1    0    1    0    0    2    0    0    2    0    2    2    7    7    0      7143    150000    250000