
1  0         21150        5001    0    1    0    1    1    0    1    1    0    0    2    0    0    2    0    7    0    5    0    2    4      7143    250000    150000
1  1         21470        5001    1    0    0    1    0    1    1    0    1    2    0    0    2    0    0    0    5    7    2    4    0    250000    150000      7143
1  2         21323        5003    0    0    1    0    1    1    0    2    1    0    1    2    0    1    2    2    0    2    7    4    0    153333      6667    246667
1  3         21069        5001    1    0    0    1    0    1    1    0    1    2    0    0    2    0    0    0    5    7    2    4    0    250000    150000      7143
1  4         21382        5001    0    1    0    1    1    0    1    1    0    0    2    0    0    2    0    7    0    5    0    2    4      7143    250000    150000
1  5         21020        5001    1    0    0    1    0    1    1    0    1    2    0    0    2    0    0    0    5    7    2    4    0    250000    150000      7143
1  6         21595        5001    1    0    0    1    0    1    1    0    1    2    0    0    2    0    0    0    5    7    2    4    0    250000    150000      7143
1  7         21138        5001    0    1    0    0    1    1    0    1    1    0    2    0    0    2    0    5    0    7    4    2    0    150000    250000      7143
1  8         21156        5001    0    1    0    0    1    1    0    1    1    0    2    0    0    2    0    5    0    7    4    2    0    150000    250000      7143
1  9         21182        5001    1    0    0    1    0    1    1    0    1    2    0    0    2    0    0    0    5    7    2    4    0    250000    150000      7143
1  10         21146       10457    0    1    0    0    1    0    0    1    0    3    1    0    3    1    0    2    0    9    1    4    0     81818    254546     70707
1  11         21405        9287    0    1    0    1    1    0    2    1    0    1    2    0    1    2    0    4    0    5    0    2    4      9524    245238    152381
1  12         21392        5001    0    0    1    1    0    1    1    0    1    0    0    2    0    0    2    7    5    0    0    4    2      7143    150000    250000
1  13         21066        5001    1    0    0    1    0    1    1    0    1    2    0    0    2    0    0    0    5    7    2    4    0    250000    150000      7143
1  14         21174        5001    1    0    0    1    0    1    1    0    1    2    0    0    2    0    0    0    5    7    2    4    0    250000    150000      7143
1  15         21184       10628    1    0    0    1    0    0    1    0    1    2    0    0    2    0    0    1    3    8    1    6    0    250000    141667     15625
1  16         21138        5001    1    0    0    1    1    0    1    1    0    2    0    0    2    0    0    0    7    5    2    0    4    250000      7143    150000
1  17         21035        5001    1    0    0    1    0    1    1    0    1    2    0    0    2    0    0    0    5    7    2    4    0    250000    150000      7143
1  18         21091        5001    0    0    1    0    1    1    0    1    1    0    0    2    0    0    2    2    0    2    7    7    0    150000      7143    250000
1  19         21072        5001    1    0    0    1    0    1    1    0    1    2    0    0    2    0    0    0    5    7    2    4    0    250000    150000      7143