
2  0        121282     3114600   11    0    4   12    1    5   13    2   10   14    3   23   15    4   24   16   37   32   17    6   33   18    6   34   19    7   35   20    7   42   21    8   43   22    8   43   23    9   43   24    9   44   25   10   10   26   10   44   27   25   44   28   26   45   29   27   45   30   28   45   31   29   45   32   30   46   33   31   46   34   32   46   35   33   46   36   34   47   37   35   47   38   36   47   39   36   48   40   37   48   41   37   48   42   38   49   43   38   49   44   39   49   45   39   49   46   40   49   47   40   49   47   41   49   48   41   49   48   42   49    151200     54000     81000
2  1        120207     1414800   11    0    4   12    1    5   13    2   10   14    3   32   15    4   33   16    5   34   17    6   35   18    6   41   19    7   41   20    7   42   21    8   43   22    8   43   23    9   49   24    9   43   25   10   44   26   10   44   27   25   44   28   26   45   29   27   45   30   28   45   31   29   46   32   30   46   33   31   46   34   32   46   35   33   47   36   34   47   37   35   47   38   36   48   39   36   48   40   37   49   41   37   49   42   38   49   43   38   49   44   39   49   45   39   49   46   40   49   47   40   49   47   41   49   48   41   49   48   42   49    153000     54000     33750
2  2        120110     1566200   11    0    4   12    1    5   13    2   10   14    3   23   15    4   24   16    5   32   17    6   33   18    6   34   19    7   35   20    7   42   21    8   43   22    8   43   23    9   43   24    9   44   25   10   44   26   10   44   27   25   44   28   26   45   29   27   45   30   28   45   31   29   45   32   30   46   33   31   46   34   32   46   35   33   46   36   34   47   37   35   47   38   36   47   39   36   48   40   37   48   41   37   48   42   38   49   43   38   49   44   39   49   45   39   49   46   40   49   47   40   49   47   41   49   48   41   49   48   42   49    151200     54000     40500
2  3        120573     1663800   11    0    4   12    1    5   13    2   10   14    3   23   15    4   24   16    5   32   17    6   45   18    6   34   19    7   35   20    7   42   21    8   43   22    8   43   23    9   43   24    9   44   25   10   44   26   10   44   27   25   44   28   26   45   29   27   45   30   28   45   31   29   45   32   30   46   33   31   46   34   32   46   35   33   46   36   34   47   37   35   47   38   36   47   39   36   48   40   37   48   41   37   48   42   38   49   43   38   49   44   39   49   45   39   49   46   40   49   47   40   49   47   41   49   48   41   49   48   42   49    152000     55000     40500
2  4        121146     1458348   11    0    4   12    1    5   13    2   10   14    3   32   15    4   33   16    5   34   17    6   35   18    6   42   19    7   43   20    7   43   21    8   43   22    8   43   23    9   44   24    9   44   25   10   44   26   10   44   27   25   44   28   26   45   29   27   45   30   28   45   31   29   46   32   30   46   33   31   46   34   32   46   35   33   47   36   34   47   37   35   47   38   36   48   39   36   48   40   37   49   41   37   49   42   38   49   43   38   49   44   39   49   45   39   49   46   40   49   47   40   49   47   41   49   48   41   49   48   42   49    153000     54000     33137
2  5        120524     2315348   11    0   46   12    1    5   13    2   10   14    3   32   15    4   33   16    5   34   17    6   35   18    6   40   19    7   41   20    7   41   21    8   42   22    8   43   23    9   43   24    9   43   25   10   44   26   10   44   27   25   44   28   26   45   29   27   45   30   28   45   31   29   45   32   30   46   33   31   46   34   32   46   35   33   46   36   34   47   37   35   47   38   36   48   39   36   48   40   37   49   41   37   49   42   38   49   43   38   49   44   39   49   45   39   49   46   40   49   47   40   49   47   41   49   48   41   49   48   42   49    153000     76500     33137
2  6        120586     1452200   11    0    4   12    1    5   13    2   10   14    3   23   15    4   24   16    5   32   17    6   33   18    6   34   19    7   35   20    7   42   21    8   43   22    8   43   23    9   43   24    9   44   25   10    3   26   10   44   27   25   44   28   26   45   29   27   45   30   28   45   31   29   45   32   30   46   33   31   46   34   32   46   35   33   46   36   34   47   37   35   47   38   36   47   39   36   48   40   37   48   41   37   48   42   38   49   43   38   49   44   39   49   45   39   49   46   40   49   47   40   49   47   41   49   48   41   49   48   42   49    151200     49500     40500
2  7        122876     1427800   11    0    4   12    1    5   13    2   10   14    3   32   15    4   33   16    5   34   17    6   35   18    6   40   19    7   42   20    7   42   21    8   43   22    8   43   23    9   43   24    9   44   25   10   44   26   10   44   27   25   45   28   26   45   29   27   45   30   28   46   31   29   46   32   30   46   33   31   47   34   32   47   35   33   47   36   34   47   37   35   48   38   36   48   39   36   49   40   37   49   41   37   49   42   38   49   43   38   49   44   39   49   45   39   49   46   40   49   47   40   49   47   41   49   48   41   49   48   42   49    153000     54000     33750
2  8        120591     1566200   11    0    4   12    1    5   13    2   10   14    3   23   15    4   24   16    5   32   17    6   33   18    6   34   19    7   35   20    7   42   21    8   43   22    8   43   23    9   43   24    9   44   25   10   44   26   10   44   27   25   44   28   26   45   29   27   45   30   28   45   31   29   45   32   30   46   33   31   46   34   32   46   35   33   46   36   34   47   37   35   47   38   36   47   39   36   48   40   37   48   41   37   48   42   38   49   43   38   49   44   39   49   45   39   49   46   40   49   47   40   49   47   41   49   48   41   49   48   42   49    151200     54000     40500
2  9        121642     1414800   11    0    4   12    1    5   13    2   10   14    3   32   15    4   33   16    5   34   17    6   35   18    6   42   19    7   43   20    7   43   21    8   43   22    8   43   23    9   44   24    9   44   25   10   44   26   10   21   27   25   45   28   26   45   29   27   45   30   28   45   31   29   46   32   30   46   33   31   46   34   32   47   35   33   47   36   34   48   37   35   48   38   36   48   39   36   49   40   37   49   41   37   49   42   38   49   43   38   49   44   39   49   45   39   49   46   40   49   47   40   49   47   41   49   48   41   49   48   42   49    153000     54000     33750
2  10        120105     1409300   11    0    4   12    1    5   13    2   10   14    3   32   15    4   33   16    5   34   17    6   35   18    6   40   19    7   40   20    7   42   21    8   42   22    8   43   23    9   43   24    9   43   25   10   44   26   10   44   27   25   44   28   26   44   29   27   45   30   28   45   31   29   45   32   30   46   33   31   46   34   32   46   35   33   47   36   34   47   37   35   48   38   36   48   39   36   49   40   37   49   41   37   49   42   38   49   43   38   49   44   39   49   45   39   49   46   40   49   47   40   49   47   41   49   48   41   49   48   42   49    153000     54000     33750
2  11        121179     1383340   11    0    4   12    1    5   13    2   10   14    3   32   15    4   33   16    5   34   17    6   35   18    6   40   19    7   41   20    7   42   21    8   43   22    8   43   23    9   43   24    9   44   25   10   44   26   10   44   27   25   45   28   26   45   29   27   45   30   28   46   31   29   46   32   30   46   33   31   46   34   32   47   35   33   47   36   34   48   37   35   48   38   36   49   39   36   49   40   37   49   41   37   49   42   38   49   43   38   49   44   39   49   45   39   49   46   40   49   47   40   49   47   41   49   48   41   49   48   42   49    153000     54000     31154
2  12        120511     1697800   11    0    4   12    1    5   13    2   10   14    3   23   15    4   24   16    5   32   17    6   33   18    6   34   19    7   29   20    7   42   21    8   39   22    8   43   23    9   43   24    9   44   25   10   44   26   10   44   27   25   44   28   26   45   29   27   45   30   28   45   31   29   45   32   30   46   33   31   46   34   32   46   35   33   46   36   34   47   37   35   47   38   36   47   39   36   48   40   37   48   41   37   48   42   38   49   43   38   49   44   39   49   45   39   49   46   40   49   47   40   49   47   41   49   48   41   49   48   42   49    152000     55000     40500
2  13        120825     3354400   11    2    0   12    3    1   13    4    8   14    5   40   15    6   30   16    7   40   17    8    0   18    9   41   19    9   41   20   10   41   21   10   47   22   25   43   23   26   48   24   27   45   25   28   45   26   29   45   27   30   46   28   31   46   29   32   46   30   33   46   31   34   46   32   35   46   33   36   46   34   36   47   35   37   47   36   37   47   37   38   48   38   38   48   39   39   48   40   39   49   41   40   49   42   40   49   43   41   49   44   41   49   45   42   49   46   42   49   47   43   49   47   43   49   48   44   49   48   44   49    153000     90000     47700
2  14        120156     3028800   10    0   39   11    1   22   12    2   23   13    3   24   14    4   45   15    5   45   16    6   45   17    6   45   18    7   45   19    7   46   20    8   46   21    8   46   22    9   46   23    9   46   24   25   46   25   26   46   26   27   47   27   28   47   28   29   47   29   30   47   30   31   47   31   32   47   32   32   47   33   33   47   34   33   47   35   34   48   36   34   48   36   35   48   37   35   48   37   43   48   38   43   48   38   43   48   39   43   48   39   43   48   40   44   49   40   44   49   41   44   49   41   44   49   42   44   49   42   45   49    135000     81000     60750
2  15        120547     2809800   10    0    5   11    1   22   12    2   23   13    3   24   14    4   45    5   21   45   16    6   45   17    6   45   18    7   45   19    7   46   20    8   42   15    8   46   22    9   46   23    9   46   24   25   46   25   26   46   26   27   47   27   28   47   28   29   47   29   30   47   30   31   47   31   32   47   32   32   47   33   33   47   34   33   47   35   34   48   36   34   48   36   35   48   37   35   48   37   43   48   38   43   48   38   21   48   39   43   48   39   43   48   40   44   49   40   44   49   41   44   49   41   44   49   42   44   49   42   45   49    135000     76500     60750
2  16        121619     1448348   11    0    4   12    1    5   13    2   10   14    3   32   15    4   33   16    5   34   17    6   35   18    6   40   19    7   41   20    7   42   21    8   43   22    8   43   23    9   43   24    9   44   25   10   44   26   10   44   27   25   45   28   26   45   29   27   45   30   28   45   31   29   46   32   30   46   33   31   46   34   32   46   35   33   47   36   34   47   37   35   48   38   36   48   39   36   48   40   37   49   41   37   49   42   38   49   43   38   49   44   39   49   45   39   49   46   40   49   47   40   49   47   41   49   48   41   49   48   42   49    153000     54000     33137
2  17        122244     1566200   11    0    4   12    1    5   13    2   10   14    3   23   15    4   24   16    5   32   17    6   33   18    6   34   19    7   35   20    7   42   21    8   43   22    8   43   23    9   43   24    9   44   25   10   44   26   10   44   27   25   44   28   26   45   29   27   45   30   28   45   31   29   45   32   30   46   33   31   46   34   32   46   35   33   46   36   34   47   37   35   47   38   36   47   39   36   48   40   37   48   41   37   48   42   38   49   43   38   49   44   39   49   45   39   49   46   40   49   47   40   49   47   41   49   48   41   49   48   42   49    151200     54000     40500
2  18        121169     2417100   11    0    5   12    1   33   13    2   34   14    3   35   15    4   40   16    5   40   17    6   40   18    6   40   19    7   42   20    7   42   21    8   43   22    8   43   23    9   43   24    9   44   25   10   44   26   10   44   27   25   45   28   26   45   29   27   45   30   28   45   31   29   46   32   30   46   33   31   46   34   32   46   35   33   47   36   34   47   37   35   47   38   36   48   39   36   48   40   37   48   41   37   49   42   38   49   43   38   49   44   39   49   45   39   49   46   40   49   47   40   49   47   41   49   48   41   49   48   42   49    153000     76500     36450
2  19        120354     1469170   11    0    4   12    1    5   13    2   10   14    3   32   15    4   11   16    5   34   17    6   35   18    6   41   19    7   42   20    7   43   21    8   43   22    8   43   23    9   44   24    9   44   25   10   44   26   10   44   27   25   45   28   26   45   29   27   45   30   28   45   31   29   46   32   30   46   33   31   46   34   32   46   35   33   47   36   34   47   37   35   48   38   36   48   39   36   48   40   37   49   41   37   49   42   38   49   43   38   49   44   39   49   45   39   49   46   40   49   47   40   49   47   41   49   48   41   49   48   42   49    153000     54000     33137