
1  0         96553       57314    0    1    0    0    1    0    0    1    1    0    1    0    0    1    1    0    1    0    0    1    1    0    1    0    0    1    0    1    1    0    1    1    0    1    1    0    1    1    0    2    1    0    2    1    0    2    1    0    2    1    0    2    1    0    2    1    0    2    1    1    3    1    0    2    1    2    3    1    0    1    2    1    1    3    4    1    3    4    1    3    4    3    3    0    4    3    6    5    2   17     12135     65730      5169
1  1        134989       52000    1    0    0    1    0    0    1    0    1    1    0    1    1    0    1    1    1    0    1    0    1    1    1    0    1    0    1    1    1    0    1    1    1    1    1    0    1    1    1    1    2    0    1    2    0    1    2    0    1    2    0    1    2    0    1    2    0    1    2    1    1    3    0    1    3    0    1    3    0    2    2    0    3    2    2    3    3    0    3    1    4    3    2    2    3    1   10    2    2   16     62000     14000      8000
1  2        122736      509798    2    0    0    0    2    0    0    2    0    1    1    0    0    1    2    0    1    2    1    1    0    1    1    0    1    1    0    1    1    1    3    0    0    2    0    2    1    1    1    1    1    2    0    2    0    0    2    0    3    0    0    1    1    1    1    1    2    1    1    3    0    2    1    1    1    2    3    0    1    1    2    3    4    1    6    0    5    0    2    4    0    3    2    5    0    5    6    8    0    2     29694     42653     11123
1  3         90788      500000    0    1    1    0    1    2    1    1    0    0    2    0    0    2    0    1    1    0    0    2    0    0    2    0    1    1    0    2    0    1    1    1    1    1    2    0    1    1    1    2    0    2    0    2    1    2    0    2    1    2    0    0    2    1    1    0    3    1    1    2    2    1    0    1    1    2    2    0    2    1    3    1    5    0    4    2    2    5    4    2    3    2    2    5    5    2    3    3    5    0     30000     35000     20000
1  4        143641       55432    1    0    0    1    0    0    1    0    1    1    0    1    1    1    0    1    1    0    1    1    0    1    1    0    1    1    0    1    0    1    1    0    1    1    0    1    1    0    1    1    0    2    1    0    2    1    0    2    1    0    2    1    0    2    1    0    2    1    0    3    1    0    3    1    0    3    1    0    3    2    1    1    3    2    2    3    6    0    2    5    5    3    2    2    4    2    1    2   19    1     62572      7428     13714
1  5        152550      480000    0    1    1    0    1    1    0    0    2    2    1    0    2    1    0    0    1    1    0    3    0    2    0    1    2    0    1    1    1    1    1    2    0    0    3    0    0    3    0    1    0    2    1    0    2    2    1    1    1    1    1    3    1    0    3    0    1    2    1    1    0    0    3    0    2    1    3    1    0    0    5    0    5    1    3    2    4    2    3    2    3    0    3    4    4    2    4    2    1    6     20000     30000     35000
1  6        131138       45000    1    0    0    1    0    0    1    1    0    1    1    0    1    1    0    1    1    0    1    1    0    1    1    0    1    1    0    1    0    1    1    0    1    1    0    1    1    0    1    1    0    2    1    0    2    1    0    2    1    0    2    1    0    2    1    0    2    1    1    2    1    0    3    1    1    2    1    0    3    2    0    2    3    4    1    3    2    2    3    4    1    2    5    5    4    2    1    2   16    4     63750      6250     13125
1  7        118017       62286    1    0    0    1    0    0    1    1    0    1    0    1    1    0    1    1    1    0    1    0    1    1    0    1    1    1    0    1    1    1    1    1    0    1    1    1    1    1    0    1    2    0    1    2    0    1    2    0    1    2    0    1    2    0    1    2    0    1    2    1    1    3    0    1    3    0    1    2    1    2    2    0    3    1    4    3    2    2    3    1    3    3    2    2    4    1    2    1    4   21     62273     13863      7727
1  8        135173       53342    1    0    0    1    0    0    1    0    1    1    0    1    1    0    1    1    1    0    1    0    1    1    0    1    1    0    1    1    1    0    1    1    0    1    1    0    1    1    0    1    2    0    1    2    0    1    2    0    1    2    0    1    2    0    1    2    0    1    3    0    1    3    0    1    3    0    1    3    0    2    1    0    3    3    0    2    4    7    3    1    4    3    1    4    4    0    4    2    3   17     63333     13333      6667
1  9        120323      491500    0    2    0    0    2    0    2    0    0    1    1    0    1    1    1    2    0    0    0    0    4    1    1    0    2    0    0    0    1    3    2    0    0    2    0    0    2    0    0    1    1    1    1    2    0    1    2    0    0    2    2    2    0    1    0    1    3    0    0    6    0    2    2    2    1    0    2    1    0    0    4    2    3    2    3    3    0    6    6    0    1    1    4    5    2    6    2    3    6    0     36000     28750     17500
1  10        113655      542000    1    1    0    0    1    1    0    0    4    0    2    0    1    1    0    2    0    1    0    2    0    1    1    0    0    1    2    1    1    1    0    2    0    2    1    0    1    1    1    1    2    0    2    1    0    0    0    4    0    0    4    1    1    2    1    0    3    1    1    2    2    0    2    1    2    0    3    1    0    1    3    0    4    3    1    1    2    6    4    2    2    1    3    4    3    4    2    7    3    0     24000     39000     22000
1  11        138609      576668    0    3    0    0    0    2    0    0    2    1    0    1    1    0    2    3    0    0    0    0    2    1    0    1    0    0    2    2    2    0    0    4    0    1    2    0    1    0    2    1    1    1    0    1    2    2    0    1    1    0    2    1    0    2    2    0    1    1    0    2    1    2    1    4    0    0    0    1    2    1    2    2    2    6    1    3    3    2    2    5    2    5    2    1    2    2    5    4    6    1     28000     22167     35000
1  12        110136       50006    0    0    1    0    0    1    1    0    1    0    1    1    1    0    1    1    0    1    0    1    1    1    0    1    1    0    1    0    1    1    0    1    1    0    1    1    0    1    1    0    2    1    0    2    1    0    2    1    0    2    1    0    2    1    0    2    1    1    2    1    0    3    1    1    2    1    0    3    1    0    2    2    4    1    3    4    1    3    2    2    3    2    2    3    4    0    4   19    6    1      7143     13571     62857
1  13        131751       60010    0    1    0    0    1    0    0    1    1    0    1    0    1    1    0    0    1    1    1    1    0    1    1    0    1    1    0    1    1    1    0    1    1    0    1    1    0    1    1    0    1    2    0    1    2    0    1    2    0    1    2    0    1    2    0    1    2    0    1    3    1    1    2    1    1    2    1    1    2    0    2    2    2    3    2    0    3    3    7    2    4    6    3    0    2    4    1   17    2    3      6667     63333     13334
1  14        129982      140400    0    0    2    1    1    0    2    0    0    1    0    1    2    0    0    0    1    2    0    4    0    0    1    2    2    0    0    1    1    1    2    0    0    2    0    0    1    1    1    1    1    1    1    1    1    1    0    2    1    1    1    2    1    0    1    0    2    1    0    2    2    1    0    1    2    1    2    1    0    1    2    3    2    2    4    3    5    1    2    6    2    3    5    1    4    5    2    0    0   10     38500     17300     28000
1  15        139966      508576    1    2    0    0    2    0    0    2    0    2    0    0    1    1    0    0    0    5    1    0    3    1    1    0    0    2    0    1    1    1    0    1    3    2    0    1    0    2    0    1    1    1    1    1    2    0    2    1    1    1    1    0    2    1    0    2    1    2    1    0    0    2    2    0    0    7    1    1    2    0    3    2    1    4    3    2    3    3    7    0    0    3    3    1    8    0    1    6    2    1     32857     37857     14286
1  16        118710      551144    1    0    1    2    0    0    1    1    0    1    0    2    1    0    2    1    0    2    0    2    1    0    2    2    2    0    0    1    1    0    0    2    2    1    1    1    1    2    0    1    1    1    2    0    0    0    1    4    1    1    1    2    0    1    2    0    0    0    3    1    0    4    0    2    0    1    1    1    2    0    5    1    2    3    4    1    5    2    3    3    1    2    1    9    6    1    0    5    2    1     43144     28856     13428
1  17        127892       57900    0    1    0    0    1    0    0    1    0    0    1    1    0    1    1    0    1    1    1    1    0    0    1    1    0    1    1    1    1    0    1    1    0    1    1    0    1    1    1    2    1    0    2    1    0    2    1    0    2    1    0    2    1    0    2    1    0    3    1    0    2    1    1    2    1    1    3    1    0    2    2    0    3    3    1    1    3    4    3    3    0    3    2    9    1    4    2    2    2   18     13500     63000      7055
1  18        105346      563000    1    0    1    0    1    1    0    2    1    1    3    0    0    2    1    1    0    1    0    2    1    0    0    2    1    0    1    1    1    1    2    1    1    1    3    0    0    0    2    0    0    2    0    0    2    0    0    2    4    0    0    3    0    0    2    0    1    4    0    0    3    1    0    0    0    3    1    2    1    2    3    1    0    4    4    4    8    0    3    4    2    3    4    2    3    1    4    2    0    5     28500     14500     43250
1  19        136359       60006    1    0    0    1    0    0    1    0    1    1    0    1    1    0    0    1    0    0    1    0    1    1    0    0    1    0    1    1    1    0    1    1    0    1    1    0    1    1    0    1    2    0    1    2    0    1    2    0    1    2    0    1    2    0    1    2    0    1    2    2    1    3    0    1    3    0    1    3    0    2    2    0    3    2    2    3    1    4    3    2    1    3    0    6    3    3    8    2    5   15     65000     12500      5833