
1  0           170       46540    1    0    0    0    3    1    0    1    2    1    3    1    1    1    2    3    1    0    3    0    3    250769     47693    106154
1  1          6752       24375    1    0    0    0    4    0    0    1    2    0    0    5    1    1    2    3    1    0    4    2    0    243125     63750    100000
1  2         17431       11000    0    1    1    0    1    1    0    0    4    2    1    0    2    1    0    0    4    1    5    1    2    157250    183750     65000
1  3          1303       18413    4    0    1    0    1    0    0    1    0    0    2    0    0    1    2    2    0    6    3    4    0     31818    251137    122728
1  4           220       19763    1    1    0    0    1    1    0    1    1    0    2    2    1    2    1    1    0    4    6    2    0    152381     92857    161905
1  5         15521       15004    0    1    0    0    1    0    0    1    0    0    2    0    0    1    5    0    3    1    9    0    3    105556    250000     50000
1  6         15228       16563    1    0    0    0    0    2    0    4    1    2    0    0    1    0    2    3    2    0    2    3    4    245312     33125    127500
1  7           616       15001    2    0    0    0    1    0    0    1    0    2    1    0    2    1    0    1    2    6    2    3    3    120001    259999     26667
1  8          1322        5001    1    1    0    1    2    0    1    2    0    2    2    0    2    2    0    2    0    2    0    0    7    242857      7143    157143
1  9          9508       19287    1    0    0    0    2    1    1    0    0    0    5    0    2    0    0    3    0    1    2    2    7    250000    100000     57143
1  10         18668       16250    2    0    1    0    1    0    0    1    0    2    1    1    0    2    0    4    0    7    1    4    0     95000    251250     60000
1  11          2911       17188    4    1    0    0    2    0    0    2    0    0    0    2    0    0    2    2    0    3    3    4    2     30625    127500    249063
1  12         18934       13697    1    0    0    0    2    0    0    2    0    1    2    0    0    2    7    3    0    2    4    1    0    243478    128260     34783
1  13         18921       16767    2    0    0    0    0    1    2    0    0    1    5    1    4    0    0    0    1    3    0    3    4    125000     23529    257354
1  14           569       11669    0    0    1    0    0    1    3    0    0    1    6    0    0    0    2    1    3    2    4    0    3     86666     68889    251112
1  15          6789       15296    1    0    0    0    5    1    0    0    2    2    0    0    2    0    0    2    1    2    2    3    4    250000     24706    131470
1  16           465       13697    1    0    0    0    2    0    0    2    0    0    2    7    1    2    0    3    0    2    4    1    0    243478    128260     34783
1  17         12195       27500    2    0    0    1    4    0    2    0    0    0    0    2    2    0    1    2    2    2    0    3    4    125000     32500    250000
1  18          7271       16250    3    1    0    0    0    1    0    0    1    3    1    1    0    0    2    1    7    0    2    0    4     47500    107500    251250
1  19          8151       15572    1    0    0    0    4    1    1    0    0    1    0    2    2    0    0    0    2    6    4    3    0    250113     33182    122273