
1  0         90599       63532    0    1    0    0    1    0    0    1    1    0    1    1    0    1    1    0    1    1    0    1    1    0    1    1    0    1    1    1    1    1    1    1    1    1    1    1    1    1    0    2    1    1    2    1    0    2    1    0    2    1    0    2    1    0    2    1    0    2    1    1    2    1    1    2    1    1    2    1    1    1    2    0    3    3    1    3    3    0    4    2    7    3    3    0    2    4    1    2    2   18     13530     62941      7059
1  1        101482       77500    0    0    1    0    0    1    1    0    1    0    1    1    0    0    1    1    0    1    0    1    1    0    1    1    1    0    1    1    0    1    1    0    1    1    0    1    1    0    1    2    0    1    2    0    1    2    0    1    2    0    1    2    0    1    2    0    1    2    1    1    3    0    1    2    1    1    3    0    1    1    1    2    2    2    3    3    9    2    2    2    3    1    3    3    0    4    4    4   16    2     13125      6250     63750
1  2         93222       53340    0    1    0    0    1    0    1    1    0    0    1    1    1    1    0    1    1    0    1    1    0    1    1    0    1    1    0    1    1    1    1    1    1    0    1    1    1    1    1    2    1    1    0    1    2    0    1    2    0    1    2    0    1    2    0    1    2    1    1    2    1    1    2    1    1    2    2    1    2    0    2    2    0    3    3    0    3    3    1    3    3    2    3    2    5    3    4   18    2    1      7879     62120     13940
1  3         90401       70000    0    1    0    0    1    0    1    1    0    0    1    0    0    1    1    1    1    0    1    1    0    0    1    1    0    1    0    0    1    1    0    1    1    0    1    1    0    1    1    0    1    2    0    1    2    0    1    2    0    1    2    0    1    2    0    1    2    0    1    3    0    1    3    0    1    3    0    1    3    0    2    2    4    3    1    4    3    1    4    3    1    5    3    0    4    4    0   18    1    7      7000     63000     13000
1  4         94208       55798    1    0    0    1    0    0    1    0    1    1    0    1    1    1    0    1    1    0    1    1    0    1    0    1    1    1    0    1    1    1    1    1    1    1    1    1    1    1    1    1    0    2    1    0    2    1    0    2    1    0    2    1    0    2    1    0    2    1    1    2    1    1    2    1    1    2    1    1    2    2    0    2    3    3    2    3    2    2    3    4    1    3    2    2    4    0    3    1   19    3     60000      9211     15000
1  5         99086       52230    0    1    0    0    1    0    0    1    1    1    1    0    0    1    1    0    1    0    0    1    1    0    1    1    0    1    1    1    1    0    1    1    0    1    1    1    1    1    0    2    1    0    2    1    0    2    1    0    2    1    0    2    1    0    2    1    0    3    1    0    3    1    0    3    1    0    2    1    1    2    2    0    1    3    4    4    2    7    2    3    2    2    3    2    1    4    2    2    2   18     13500     63000      7055
1  6         94047       62232    0    1    0    0    1    0    1    1    0    1    1    0    1    1    0    1    1    0    0    1    0    0    1    0    1    1    0    0    1    1    0    1    1    0    1    1    0    1    1    0    1    2    0    1    2    0    1    2    0    1    2    0    1    2    0    1    2    0    1    2    0    1    3    0    1    3    0    1    3    0    2    1    2    3    2    2    3    2    7    3    0    4    3    1    4    3    5   18    2    4      5556     64444     12778
1  7         94225       61882    0    0    1    0    0    1    1    0    1    1    0    1    1    0    1    1    0    1    0    0    1    1    0    1    1    0    1    2    0    1    2    0    1    2    0    1    1    1    1    2    1    1    0    2    1    2    1    1    1    2    1    2    1    1    0    2    1    0    3    1    0    3    1    2    2    1    1    2    1    3    0    2    3    1    3    3    1    3    3    1    3    3    1    3    3    0    4    1   18    1      6563     11563     65311
1  8         93344       70254    0    0    1    0    0    1    0    0    1    0    1    1    0    0    1    1    0    1    1    0    1    0    1    1    0    0    1    0    1    1    0    1    1    0    1    1    0    1    1    0    2    1    0    2    1    0    2    1    0    2    1    0    2    1    0    2    1    1    2    1    0    3    1    0    3    1    0    3    1    0    2    2    4    1    3    4    1    3    4    1    3    4    1    3    2    1    4   21    6    1      6529     13223     63554
1  9         91256       51616    1    0    0    1    0    0    1    0    1    1    1    0    1    0    1    1    0    1    1    0    1    1    0    1    1    0    1    1    1    0    1    1    0    1    1    0    1    1    0    1    2    0    1    2    0    1    2    0    1    2    0    1    2    0    1    2    0    1    3    0    1    2    1    1    2    1    1    3    0    2    2    0    3    3    0    3    3    0    3    1    4    2    3    9    4    0    5    2    3   16     62904     13548      7096
1  10         98786       53604    0    1    0    0    1    0    0    1    1    0    1    1    0    1    1    0    1    2    0    1    1    0    1    1    0    1    1    1    1    1    1    1    0    1    1    0    1    1    1    2    1    0    2    1    0    2    1    0    2    1    0    2    1    0    2    1    0    2    1    1    2    1    1    2    1    2    2    1    1    2    2    0    3    3    0    1    3    4    3    3    1    3    3    0    4    3    5    2    2   17     14033     61934      7533
1  11         99979       71858    0    0    1    0    0    1    0    1    1    1    0    1    1    0    1    0    1    1    1    0    1    0    0    1    0    1    1    0    1    1    0    1    1    0    1    1    0    1    1    0    2    1    0    2    1    0    2    1    0    2    1    0    2    1    0    2    1    0    3    1    0    3    1    1    2    1    0    3    1    0    2    2    2    2    3    6    0    3    2    2    3    7    4    2    4    0    4   17    2    2      7143     13500     63000
1  12         92450       62860    0    0    1    0    0    1    0    0    1    1    0    1    0    1    1    1    0    1    1    0    1    1    0    1    0    0    1    0    1    1    0    1    1    0    1    1    0    1    1    0    2    1    0    2    1    0    2    1    0    2    1    0    2    1    0    2    1    0    3    1    0    3    1    0    3    1    1    2    1    0    2    2    2    2    3    2    2    3    4    1    3    2    2    3    9    2    3   18    3    2      6286     13143     63714
1  13         92280       49146    0    0    1    0    0    1    1    0    1    1    0    1    1    0    1    1    0    1    1    0    1    1    0    1    1    0    1    1    1    1    1    1    1    1    1    1    1    1    1    0    2    1    0    2    1    0    2    1    0    2    1    0    2    1    0    2    1    1    2    1    1    2    1    1    2    1    1    2    1    0    2    2    1    3    3    3    2    3    0    3    3    1    3    3    1    2    4   21    3    1      8347     14725     60550
1  14         96156       47028    1    0    0    1    0    0    1    0    1    1    0    1    1    0    1    1    0    0    1    0    1    1    0    1    1    0    1    1    1    0    1    1    0    1    1    0    1    1    0    1    2    0    1    2    0    1    2    0    1    2    0    1    2    0    1    2    0    1    3    0    1    2    1    1    3    0    1    2    1    2    1    1    3    2    2    3    1    4    3    3    0    3    1    4    3    5    4    2    3   19     64054     12973      5946
1  15         90177       57276    0    1    0    0    1    0    0    1    1    0    1    1    0    1    1    0    1    1    0    1    1    0    1    1    0    1    1    1    1    0    1    1    0    1    1    0    1    1    1    2    1    0    2    1    0    1    1    1    2    1    0    2    1    0    2    1    0    3    1    0    3    1    0    3    1    0    3    1    0    1    2    1    2    3    1    2    3    2    1    3    4    3    3    1    0    4    4    6    1   20     13409     63182      6818
1  16         95286       48654    0    1    0    0    1    0    1    1    0    0    1    1    0    1    1    0    1    1    0    1    1    0    1    1    0    1    1    1    1    1    1    1    0    1    1    1    1    1    0    2    1    0    2    1    0    2    1    0    2    1    0    2    1    0    2    1    0    3    1    0    2    1    1    3    1    0    3    1    0    2    2    0    2    3    2    2    3    2    0    3    5    1    3    4    0    4    4    7    1   16     13783     62432      7568
1  17         93071       53854    1    0    0    1    0    0    1    1    0    1    1    0    1    1    0    1    0    1    1    0    1    1    1    0    1    1    0    1    0    1    1    0    1    1    0    1    1    0    1    1    0    2    1    0    2    1    0    2    1    0    2    1    0    2    1    0    2    1    0    3    1    1    2    1    0    3    1    0    3    2    1    1    3    4    1    3    6    0    3    4    1    3    2    2    4    2    1    1   17    7     62820      7179     13590
1  18         96681       44738    0    1    0    0    1    0    0    1    1    0    1    1    0    1    1    1    1    0    0    1    1    0    1    1    0    1    1    1    1    0    1    1    1    1    1    0    1    1    0    2    1    0    2    1    0    1    1    2    2    1    0    2    1    0    2    1    0    3    1    0    2    1    1    2    1    1    3    1    0    1    2    1    1    3    4    1    3    4    1    3    4    3    3    0    1    4    2    8    1   16     13421     63158      6842
1  19        101786       43422    0    1    0    0    1    0    1    1    0    0    1    1    1    1    0    1    1    0    1    1    0    1    1    0    1    1    0    1    1    1    0    1    1    0    1    1    0    1    1    0    1    2    0    1    2    0    1    2    0    1    2    0    1    2    0    1    2    1    1    2    1    1    2    0    1    3    1    1    2    0    2    2    2    3    2    0    3    3    4    3    1    4    3    1    4    4    0   18    1    7      6829     63171     13415