    0    1    0    0    1    0    0    1    1    0    1    1    0    1    1    0    1    1    0    1    1    0    1    1    0    1    1    1    1    1    1    1    1    1    1    1    1    1    0    2    1    1    2    1    0    2    1    0    2    1    0    2    1    0    2    1    0    2    1    1    2    1    1    2    1    1    2    1    1    1    2    0    3    3    1    3    3    0    4    2    7    3    3    0    2    4    1    2    2   18
    0    0    1    0    0    1    1    0    1    0    1    1    0    0    1    1    0    1    0    1    1    0    1    1    1    0    1    1    0    1    1    0    1    1    0    1    1    0    1    2    0    1    2    0    1    2    0    1    2    0    1    2    0    1    2    0    1    2    1    1    3    0    1    2    1    1    3    0    1    1    1    2    2    2    3    3    9    2    2    2    3    1    3    3    0    4    4    4   16    2
    0    1    0    0    1    0    1    1    0    0    1    1    1    1    0    1    1    0    1    1    0    1    1    0    1    1    0    1    1    1    1    1    1    0    1    1    1    1    1    2    1    1    0    1    2    0    1    2    0    1    2    0    1    2    0    1    2    1    1    2    1    1    2    1    1    2    2    1    2    0    2    2    0    3    3    0    3    3    1    3    3    2    3    2    5    3    4   18    2    1
    0    1    0    0    1    0    1    1    0    0    1    0    0    1    1    1    1    0    1    1    0    0    1    1    0    1    0    0    1    1    0    1    1    0    1    1    0    1    1    0    1    2    0    1    2    0    1    2    0    1    2    0    1    2    0    1    2    0    1    3    0    1    3    0    1    3    0    1    3    0    2    2    4    3    1    4    3    1    4    3    1    5    3    0    4    4    0   18    1    7
    1    0    0    1    0    0    1    0    1    1    0    1    1    1    0    1    1    0    1    1    0    1    0    1    1    1    0    1    1    1    1    1    1    1    1    1    1    1    1    1    0    2    1    0    2    1    0    2    1    0    2    1    0    2    1    0    2    1    1    2    1    1    2    1    1    2    1    1    2    2    0    2    3    3    2    3    2    2    3    4    1    3    2    2    4    0    3    1   19    3
    0    1    0    0    1    0    0    1    1    1    1    0    0    1    1    0    1    0    0    1    1    0    1    1    0    1    1    1    1    0    1    1    0    1    1    1    1    1    0    2    1    0    2    1    0    2    1    0    2    1    0    2    1    0    2    1    0    3    1    0    3    1    0    3    1    0    2    1    1    2    2    0    1    3    4    4    2    7    2    3    2    2    3    2    1    4    2    2    2   18
    0    1    0    0    1    0    1    1    0    1    1    0    1    1    0    1    1    0    0    1    0    0    1    0    1    1    0    0    1    1    0    1    1    0    1    1    0    1    1    0    1    2    0    1    2    0    1    2    0    1    2    0    1    2    0    1    2    0    1    2    0    1    3    0    1    3    0    1    3    0    2    1    2    3    2    2    3    2    7    3    0    4    3    1    4    3    5   18    2    4
    0    0    1    0    0    1    1    0    1    1    0    1    1    0    1    1    0    1    0    0    1    1    0    1    1    0    1    2    0    1    2    0    1    2    0    1    1    1    1    2    1    1    0    2    1    2    1    1    1    2    1    2    1    1    0    2    1    0    3    1    0    3    1    2    2    1    1    2    1    3    0    2    3    1    3    3    1    3    3    1    3    3    1    3    3    0    4    1   18    1
    0    0    1    0    0    1    0    0    1    0    1    1    0    0    1    1    0    1    1    0    1    0    1    1    0    0    1    0    1    1    0    1    1    0    1    1    0    1    1    0    2    1    0    2    1    0    2    1    0    2    1    0    2    1    0    2    1    1    2    1    0    3    1    0    3    1    0    3    1    0    2    2    4    1    3    4    1    3    4    1    3    4    1    3    2    1    4   21    6    1
    1    0    0    1    0    0    1    0    1    1    1    0    1    0    1    1    0    1    1    0    1    1    0    1    1    0    1    1    1    0    1    1    0    1    1    0    1    1    0    1    2    0    1    2    0    1    2    0    1    2    0    1    2    0    1    2    0    1    3    0    1    2    1    1    2    1    1    3    0    2    2    0    3    3    0    3    3    0    3    1    4    2    3    9    4    0    5    2    3   16
    0    1    0    0    1    0    0    1    1    0    1    1    0    1    1    0    1    2    0    1    1    0    1    1    0    1    1    1    1    1    1    1    0    1    1    0    1    1    1    2    1    0    2    1    0    2    1    0    2    1    0    2    1    0    2    1    0    2    1    1    2    1    1    2    1    2    2    1    1    2    2    0    3    3    0    1    3    4    3    3    1    3    3    0    4    3    5    2    2   17
    0    0    1    0    0    1    0    1    1    1    0    1    1    0    1    0    1    1    1    0    1    0    0    1    0    1    1    0    1    1    0    1    1    0    1    1    0    1    1    0    2    1    0    2    1    0    2    1    0    2    1    0    2    1    0    2    1    0    3    1    0    3    1    1    2    1    0    3    1    0    2    2    2    2    3    6    0    3    2    2    3    7    4    2    4    0    4   17    2    2
    0    0    1    0    0    1    0    0    1    1    0    1    0    1    1    1    0    1    1    0    1    1    0    1    0    0    1    0    1    1    0    1    1    0    1    1    0    1    1    0    2    1    0    2    1    0    2    1    0    2    1    0    2    1    0    2    1    0    3    1    0    3    1    0    3    1    1    2    1    0    2    2    2    2    3    2    2    3    4    1    3    2    2    3    9    2    3   18    3    2
    0    0    1    0    0    1    1    0    1    1    0    1    1    0    1    1    0    1    1    0    1    1    0    1    1    0    1    1    1    1    1    1    1    1    1    1    1    1    1    0    2    1    0    2    1    0    2    1    0    2    1    0    2    1    0    2    1    1    2    1    1    2    1    1    2    1    1    2    1    0    2    2    1    3    3    3    2    3    0    3    3    1    3    3    1    2    4   21    3    1
    1    0    0    1    0    0    1    0    1    1    0    1    1    0    1    1    0    0    1    0    1    1    0    1    1    0    1    1    1    0    1    1    0    1    1    0    1    1    0    1    2    0    1    2    0    1    2    0    1    2    0    1    2    0    1    2    0    1    3    0    1    2    1    1    3    0    1    2    1    2    1    1    3    2    2    3    1    4    3    3    0    3    1    4    3    5    4    2    3   19
    0    1    0    0    1    0    0    1    1    0    1    1    0    1    1    0    1    1    0    1    1    0    1    1    0    1    1    1    1    0    1    1    0    1    1    0    1    1    1    2    1    0    2    1    0    1    1    1    2    1    0    2    1    0    2    1    0    3    1    0    3    1    0    3    1    0    3    1    0    1    2    1    2    3    1    2    3    2    1    3    4    3    3    1    0    4    4    6    1   20
    0    1    0    0    1    0    1    1    0    0    1    1    0    1    1    0    1    1    0    1    1    0    1    1    0    1    1    1    1    1    1    1    0    1    1    1    1    1    0    2    1    0    2    1    0    2    1    0    2    1    0    2    1    0    2    1    0    3    1    0    2    1    1    3    1    0    3    1    0    2    2    0    2    3    2    2    3    2    0    3    5    1    3    4    0    4    4    7    1   16
    1    0    0    1    0    0    1    1    0    1    1    0    1    1    0    1    0    1    1    0    1    1    1    0    1    1    0    1    0    1    1    0    1    1    0    1    1    0    1    1    0    2    1    0    2    1    0    2    1    0    2    1    0    2    1    0    2    1    0    3    1    1    2    1    0    3    1    0    3    2    1    1    3    4    1    3    6    0    3    4    1    3    2    2    4    2    1    1   17    7
    0    1    0    0    1    0    0    1    1    0    1    1    0    1    1    1    1    0    0    1    1    0    1    1    0    1    1    1    1    0    1    1    1    1    1    0    1    1    0    2    1    0    2    1    0    1    1    2    2    1    0    2    1    0    2    1    0    3    1    0    2    1    1    2    1    1    3    1    0    1    2    1    1    3    4    1    3    4    1    3    4    3    3    0    1    4    2    8    1   16
    0    1    0    0    1    0    1    1    0    0    1    1    1    1    0    1    1    0    1    1    0    1    1    0    1    1    0    1    1    1    0    1    1    0    1    1    0    1    1    0    1    2    0    1    2    0    1    2    0    1    2    0    1    2    0    1    2    1    1    2    1    1    2    0    1    3    1    1    2    0    2    2    2    3    2    0    3    3    4    3    1    4    3    1    4    4    0   18    1    7
