
1  0         95316       58052    0    0    1    0    0    1    1    0    1    1    0    1    0    1    1    1    0    1    1    0    1    0    0    1    1    0    1    0    1    1    1    1    1    0    1    1    0    1    1    0    2    1    0    2    1    0    2    1    0    2    1    0    2    1    0    2    1    1    2    1    0    3    1    0    3    1    0    3    1    0    2    2    4    1    3    2    2    3    6    0    3    4    1    3    1    1    4   18    7    1      6829     13415     63170
1  1        109144       61322    1    0    0    1    0    0    1    0    0    1    0    0    1    0    0    1    0    0    1    1    0    1    0    0    1    0    0    1    0    1    1    0    1    1    0    1    1    0    1    1    0    2    1    0    2    1    0    2    1    0    2    1    0    2    1    0    2    1    2    2    1    0    3    1    0    3    1    0    3    2    0    2    3    4    1    3    4    1    3    4    1    2    5    6    4    3    0    2   19    4     66000      5276     11937
1  2        101929       50400    0    0    1    0    0    1    1    0    1    1    0    1    1    0    1    1    0    1    0    0    1    0    0    1    1    0    1    1    1    1    0    1    1    1    1    1    1    1    1    0    2    1    0    2    1    0    2    1    0    2    1    0    2    1    0    2    1    1    2    1    0    3    1    0    3    1    1    2    1    0    2    2    2    2    3    0    3    3    2    2    3    0    3    3    4    0    4   24    4    1      6800     13400     63200
1  3         91671       50972    0    0    1    0    0    1    1    0    1    1    0    1    1    0    1    1    0    1    1    0    1    1    0    1    1    0    1    1    1    1    0    1    1    0    1    1    0    1    1    0    2    1    0    2    1    0    2    1    0    2    1    0    2    1    0    2    1    1    2    1    0    3    1    0    3    1    1    2    1    1    1    2    7    4    2    0    3    3    4    1    3    1    3    3    3    1    4   16    3    2      7097     13549     62902
1  4        105297       68376    1    0    0    1    0    0    1    0    1    1    0    1    1    1    0    1    0    1    1    0    1    1    0    1    1    0    0    1    1    0    1    1    0    1    1    0    1    1    0    1    2    0    1    2    0    1    2    1    1    2    0    1    2    0    1    2    0    1    3    0    1    3    0    1    3    0    1    3    0    2    2    0    3    1    4    3    2    2    3    1    4    3    1    4    4    1    1    1    5   21     63000     13344      7156
1  5         99537       59360    0    1    0    0    1    0    1    1    0    1    1    0    1    1    0    1    1    0    1    1    0    1    1    0    1    1    0    1    1    1    0    1    1    1    1    1    0    1    1    0    1    2    0    1    2    0    1    2    0    1    2    0    1    2    0    1    2    0    1    3    0    1    3    0    1    3    0    1    3    1    2    1    2    3    2    3    3    2    3    3    1    4    2    5    4    4    0   16    2    3      7097     62903     13548
1  6        104647       61896    0    1    0    0    1    0    0    1    0    0    1    1    0    1    1    0    1    1    0    1    0    0    1    1    0    1    0    1    1    0    1    1    0    1    1    0    1    1    0    2    1    0    2    1    0    2    1    0    2    1    0    2    1    0    2    1    0    3    1    0    2    1    1    3    1    0    3    1    0    1    2    1    2    3    1    1    3    3    3    3    0    1    3    4    3    3    9    4    2   19     12000     66000      5263
1  7         92882       46678    1    0    0    1    0    0    1    1    0    1    1    0    1    1    0    1    1    0    1    0    0    1    1    0    1    1    0    1    1    1    1    0    1    1    0    1    1    0    1    1    0    2    1    0    2    1    0    2    1    0    2    1    0    2    1    0    2    1    0    3    1    0    3    1    2    2    1    1    2    2    0    2    3    4    1    3    2    2    3    0    3    3    2    2    3    7    3    2   17    3     63333      6667     13333
1  8         92189       63456    1    0    0    1    0    0    1    0    1    1    0    1    1    1    0    1    0    1    1    0    1    1    0    1    1    1    0    1    0    1    1    1    1    1    1    1    1    1    1    1    0    2    1    0    2    1    0    2    1    2    1    1    2    1    1    0    2    1    1    2    1    1    2    1    0    3    1    1    2    2    0    2    3    2    2    2    4    5    3    2    2    3    2    2    4    4    0    2   16    1     61035      8965     14482
1  9         93015       59340    0    1    0    0    1    0    1    1    0    1    1    0    1    1    0    1    1    0    0    1    0    1    1    0    1    1    0    0    1    1    1    1    1    0    1    1    1    1    1    0    1    2    1    1    1    0    1    2    0    1    2    1    1    2    0    1    2    1    1    2    2    1    2    1    1    2    1    1    2    1    2    1    0    3    3    6    2    5    0    3    3    0    3    3    0    4    2   20    2    2      6333     63667     13000
1  10         92583       43724    1    0    0    1    0    0    1    1    0    1    1    0    1    1    0    1    1    0    1    1    0    1    1    0    1    0    1    1    0    1    1    0    1    1    1    1    1    0    1    1    0    2    1    0    2    1    0    2    1    0    2    1    0    2    1    0    2    1    0    3    1    1    2    1    0    3    1    0    3    2    0    2    3    2    2    3    2    2    3    4    1    3    2    2    4    4    0    1   20    5     62558      7442     13721
1  11         96775       54334    0    1    0    0    1    0    1    1    0    0    1    0    0    1    1    0    1    1    0    1    1    0    1    1    0    1    1    1    1    0    1    1    0    1    1    0    1    1    1    2    1    0    2    1    0    2    1    0    2    1    0    2    1    0    2    1    0    2    1    2    2    1    2    2    1    1    3    1    0    2    2    0    3    3    0    2    3    2    2    3    2    1    3    4    2    3    9    4    2   14     13500     63000      7111
1  12         94430       63906    1    0    0    1    0    0    1    0    1    1    0    0    1    0    1    1    0    1    1    1    0    1    1    0    1    0    0    1    1    0    1    1    0    1    1    1    1    1    0    1    2    0    1    2    0    1    2    0    1    2    0    1    2    0    1    2    0    1    2    1    1    3    0    1    2    1    1    3    0    2    2    0    3    2    2    3    1    4    3    1    4    3    1    4    4    0    4    1    7   18     63170     13415      6829
1  13         91185       53602    0    1    0    0    1    0    1    1    0    1    1    0    0    1    0    1    1    0    1    1    0    1    1    0    1    1    0    0    1    1    0    1    1    0    1    1    0    1    1    0    1    2    0    1    2    0    1    2    0    1    2    0    1    2    0    1    2    1    1    2    0    1    3    0    1    3    1    1    2    0    2    1    4    3    1    4    3    1    1    3    2    4    3    1    1    4    1   20    1    9      5234     65625     12188
1  14         91318       50912    0    0    1    0    0    1    1    0    1    0    0    1    0    1    1    1    0    1    1    0    1    1    0    1    1    0    1    1    1    1    1    1    1    0    1    1    0    1    1    0    2    1    0    2    1    0    2    1    0    2    1    0    2    1    0    2    1    1    2    1    2    2    1    1    2    1    0    3    1    1    1    2    2    2    3    2    2    3    2    2    3    4    1    3    0    2    4   20    6    1      6818     13409     63182
1  15        104364       45600    1    0    0    1    0    0    1    0    1    1    1    0    1    1    0    1    1    0    1    1    0    1    1    0    1    1    0    1    0    1    1    1    1    1    0    1    1    1    1    1    0    2    1    0    2    1    0    2    1    0    2    1    0    2    1    2    1    1    0    3    1    1    2    1    1    2    1    1    2    2    0    2    3    0    3    2    9    3    3    4    1    3    2    2    4    2    1    2   12    5     62800      7200     13600
1  16        101803       52200    0    1    0    0    1    0    0    1    1    0    1    0    0    1    0    0    1    1    0    1    1    0    1    1    0    1    1    1    1    0    1    1    0    1    1    0    1    1    0    2    1    0    2    1    0    2    1    0    2    1    0    1    1    2    2    1    0    3    1    0    2    1    2    1    1    4    1    1    4    0    2    3    3    3    0    3    3    0    2    3    2    3    3    0    0    4    3    9    1   17     12926     64146      5854
1  17         94314       62108    0    0    1    0    0    1    1    0    1    1    0    1    1    0    1    0    0    1    0    0    1    1    0    1    1    0    1    0    1    1    0    1    1    0    1    1    0    1    1    2    1    1    0    2    1    2    1    1    0    2    1    0    2    1    0    2    1    0    3    1    2    2    1    2    2    1    0    2    1    1    1    2    5    1    3    1    2    3    4    6    2    1    2    3    4    5    3   13    2    3      4316     12948     65999
1  18         99546       62164    0    1    0    0    1    0    0    1    1    0    1    0    0    1    1    0    1    1    0    1    0    0    1    1    0    1    0    1    1    0    1    1    0    1    1    0    1    1    0    1    1    2    2    1    0    2    1    0    2    1    0    2    1    0    2    1    0    3    1    0    3    1    0    3    1    0    3    1    0    2    2    0    2    3    2    0    3    5    1    3    4    7    2    3    0    4    3    3    2   19     11568     65487      6017
1  19         93647       67376    0    1    0    0    1    0    1    1    0    1    1    0    1    1    0    1    1    0    0    1    0    0    1    0    0    1    0    1    1    1    0    1    1    1    1    1    0    1    1    0    1    2    0    1    2    0    1    2    0    1    2    0    1    2    0    1    2    0    1    3    0    1    3    0    1    3    0    1    3    0    2    2    4    3    1    2    3    2    2    3    2    3    3    2    4    4    0   21    1    5      7156     63000     13344