
1  0        102081       49800    1    0    0    1    0    0    1    0    1    1    0    1    1    0    1    1    0    1    1    0    1    1    0    1    1    0    1    1    1    0    1    1    1    1    1    1    1    1    0    1    2    0    1    2    0    1    2    0    1    2    0    1    2    0    1    2    0    1    2    2    1    3    0    1    2    1    1    2    2    2    2    0    3    3    0    3    3    0    3    2    2    3    3    0    4    1    3    1    3   23     62340     13830      7660
1  1        113357       52000    1    0    0    1    0    0    1    0    1    1    0    1    1    0    1    1    0    1    1    0    1    1    0    0    1    0    1    1    1    0    1    1    0    1    1    0    1    1    0    1    2    0    1    2    0    1    2    0    1    2    0    1    2    0    1    2    0    1    3    0    1    3    0    1    3    0    1    3    0    2    2    0    3    2    2    3    2    2    3    1    4    3    0    6    3    4    6    2    3   16     63000     13500      7000
1  2        116088       63144    0    0    1    0    0    1    0    1    1    0    0    1    0    1    1    0    0    1    0    0    1    0    1    1    0    0    1    1    0    1    1    0    1    1    0    1    1    0    1    2    0    1    2    0    1    2    0    1    2    0    1    2    0    1    2    0    1    3    0    1    3    0    1    3    0    1    3    0    1    2    0    2    1    4    3    1    4    3    5    7    2    1    3    3    0    3    4    4   18    2     11818      5620     65785
1  3        121162       55120    0    1    0    0    1    0    1    1    0    0    1    0    1    1    0    1    1    0    1    1    0    1    1    0    0    1    0    0    1    1    0    1    1    0    1    1    0    1    1    0    1    2    0    1    2    0    1    2    0    1    2    0    1    2    0    1    2    0    1    3    0    1    3    2    1    2    0    1    3    1    2    1    2    3    2    3    3    1    1    3    2    4    3    1    6    3    4   18    2    4      5555     66000     12000
1  4         98200       51356    0    1    0    0    1    0    1    1    0    1    1    0    1    1    0    1    1    0    1    1    0    1    1    0    1    1    0    0    1    1    1    1    1    1    1    1    1    1    1    0    1    2    0    1    2    0    1    2    0    1    2    0    1    2    0    1    2    1    1    2    1    1    2    0    1    3    1    1    2    0    2    2    1    3    3    6    2    4    0    3    3    2    3    2    0    4    2   20    2    1      7027     62973     13514
1  5         95299       72000    1    0    0    1    0    0    1    0    1    1    0    0    1    0    1    1    0    1    1    0    0    1    0    1    1    0    1    1    1    1    1    1    0    1    1    0    1    1    0    1    2    0    1    2    0    1    2    0    1    2    0    1    2    0    1    2    0    1    3    0    1    3    0    1    3    0    1    3    0    2    2    0    2    3    9    3    2    3    3    2    2    3    1    3    4    1    3    2    3   16     63000     13415      7084
1  6        107072       58112    0    1    0    0    1    0    0    1    1    1    1    0    1    1    0    1    1    0    1    1    0    0    1    0    1    1    0    0    1    1    1    1    1    0    1    1    1    1    1    0    1    2    0    1    2    0    1    2    0    1    2    0    1    2    0    1    2    0    1    3    1    1    2    0    1    3    0    1    3    0    2    2    2    3    2    3    3    1    0    3    3    9    2    3    4    4    0   16    2    3      7056     63000     13500
1  7        120376      556666    1    1    0    1    1    0    1    1    1    3    0    0    1    1    1    1    1    1    1    1    1    0    2    0    0    2    0    2    1    0    0    0    3    0    0    3    1    1    1    1    0    3    0    1    2    0    1    2    1    2    0    1    1    1    0    0    4    0    3    0    0    2    2    0    1    2    2    0    2    0    2    3    7    2    0    3    3    2    4    3    1    1    6    0    3    3    3    7    0    4     23333     34444     27777
1  8        123242       67504    1    0    0    1    0    0    1    1    0    1    0    1    1    0    1    1    1    0    1    0    1    1    1    0    1    1    0    1    1    0    1    1    0    1    1    0    1    1    0    1    2    0    1    2    0    1    2    0    1    2    0    1    2    0    1    2    0    1    3    0    1    3    0    1    3    0    1    3    0    2    2    0    3    2    2    3    1    4    3    1    4    3    1    4    4    1    3    1    2   22     60208     14792      8646
1  9        126453       50240    1    0    0    1    0    0    1    0    1    1    0    1    1    0    1    1    0    1    1    0    1    1    0    0    1    0    1    1    1    0    1    1    0    1    1    0    1    1    0    1    2    0    1    1    2    1    2    0    1    2    0    1    2    0    1    2    0    1    2    1    1    3    0    1    2    2    1    2    1    2    2    0    3    2    2    3    2    3    3    3    0    3    2    2    4    0    4    1    7   19     63488     13256      6512
1  10         96246       46680    1    0    0    1    0    0    1    0    1    1    0    1    1    0    1    1    0    1    1    0    1    1    0    1    1    0    1    1    1    0    1    1    1    1    1    0    1    1    1    1    2    0    1    2    0    1    2    0    1    2    0    1    2    0    1    2    0    1    2    1    1    3    0    1    2    1    1    3    0    2    2    0    3    2    2    3    3    0    3    3    0    2    3    9    4    1    1    2    2   19     63333     13334      6667
1  11        117765       60006    1    0    0    1    0    0    1    0    1    1    1    0    1    0    1    1    0    1    1    0    0    1    0    1    1    0    1    1    1    1    1    1    0    1    1    0    1    1    0    1    2    0    1    2    0    1    2    0    1    2    0    1    2    0    1    2    0    1    3    0    1    3    0    1    2    1    1    2    1    2    2    0    3    1    4    3    2    2    2    3   10    3    2    1    4    1    2    2    4   15     63334     13333      6666
1  12        103259       50000    1    0    0    1    0    0    1    1    0    1    0    1    1    0    1    1    0    1    1    0    1    1    0    1    1    0    1    1    1    0    1    1    1    1    1    0    1    1    1    1    2    0    1    2    0    1    2    0    1    2    0    1    2    0    1    2    0    1    3    0    1    2    1    1    3    0    1    3    0    2    2    0    3    2    2    2    3    8    3    1    4    3    3    0    4    1    2    2    2   17     62500     13750      7500
1  13         95621       56672    1    0    0    1    0    0    1    0    0    1    0    0    1    0    0    1    0    1    1    0    1    1    0    1    1    0    1    1    1    0    1    1    0    1    1    0    1    1    0    1    1    2    1    1    2    1    2    0    1    2    0    1    2    0    1    2    0    1    3    0    1    3    0    1    3    0    1    3    0    2    2    0    3    0    6    3    3    0    3    1    4    3    2    2    3    3    8    2    5   14     64000     12667      6333
1  14        118870       48244    1    0    0    1    0    0    1    0    1    1    0    1    1    0    1    1    0    1    1    1    0    1    0    1    1    0    1    1    1    0    1    1    0    1    1    0    1    1    0    1    2    0    1    2    0    1    2    0    1    2    0    1    2    0    1    2    0    1    2    1    1    2    1    1    3    0    1    3    0    2    2    0    3    2    2    3    2    2    3    2    2    3    1    4    3    4    6    2    2   18     62941     13529      7059
1  15        104896       57148    0    1    0    0    1    0    0    1    1    0    1    1    0    1    1    0    1    1    1    1    0    0    1    1    1    1    0    1    1    1    1    1    0    1    1    0    1    1    0    2    1    0    2    1    0    2    1    0    2    1    0    2    1    0    1    1    2    3    1    0    3    1    0    2    1    1    2    1    1    2    2    0    1    3    4    2    3    2    1    3    3    4    2    7    1    4    2    4    2   14     13571     62857      7143
1  16         99938       65264    1    0    0    1    0    0    1    1    0    1    1    0    1    1    0    1    0    0    1    1    0    1    0    0    1    0    0    1    1    1    1    0    1    1    0    1    1    0    1    1    0    2    1    0    2    1    0    2    1    0    2    1    0    2    1    0    2    1    1    2    1    1    2    1    0    3    1    0    3    2    0    2    3    0    3    3    0    3    3    4    1    3    5    1    3    6    4    2   20    2     63684      6316     13156
1  17         92000       50674    0    0    1    0    0    1    1    0    1    1    0    1    1    0    1    1    0    1    0    1    1    1    0    1    0    1    1    0    1    1    0    1    1    0    1    1    0    1    1    0    2    1    0    2    1    0    2    1    0    2    1    0    2    1    0    2    1    1    2    1    0    3    1    0    3    1    1    2    1    0    2    2    2    2    3    2    2    3    0    3    3    6    0    3    4    0    4   21    5    1      7111     13556     62889
1  18        117142       52318    1    0    0    1    0    0    1    1    0    1    1    0    1    1    0    1    1    0    1    0    1    1    1    0    1    1    0    1    0    1    1    0    1    1    0    1    1    0    1    1    0    2    1    0    2    1    0    2    1    0    2    1    0    2    1    0    2    1    1    2    1    0    3    1    0    3    1    1    2    2    0    2    3    7    0    3    2    2    3    0    3    3    4    1    4    4    0    1   17    7     62821      7179     13590
1  19        103080       57148    0    0    1    0    0    1    0    1    1    0    0    1    0    1    1    0    1    1    0    1    1    1    0    1    0    0    1    1    0    1    1    0    1    1    0    1    1    0    1    2    0    1    2    0    1    2    0    1    2    0    1    2    0    1    2    0    1    2    2    1    3    0    1    2    1    1    3    0    1    2    0    2    2    2    3    0    6    3    3    0    3    3    0    3    0    4    4    5   23    1     13264      6531     63469