
1  0         17167      155944    2    0    0    0    0    4    0    1    2    0    2    0    1    1    0    1    1    0    1    1    0    1    1    0    0    0    4    2    0    1    1    1    1    2    0    1    1    1    1    0    2    2    0    0    6    2    0    1    0    1    3    1    2    0    1    2    0    1    2    0    3    0    0    1    2    0    1    1    2    2    2    1    3    3    2    3    2    3    2    3    3    1    6    0    6    1    3    3    4    2     32928     33035     16464
1  1         71166      494250    2    0    0    0    0    4    2    0    0    0    1    2    0    1    2    1    1    0    1    1    0    2    0    0    1    0    2    0    2    1    0    0    5    1    2    0    1    1    1    2    0    1    0    2    1    1    2    0    0    2    1    0    3    0    0    1    3    1    2    0    2    1    0    2    1    0    1    0    4    1    3    1    3    2    4    2    4    2    3    3    2    3    3    2    4    3    2    6    1    2     35000     32375     16250
1  2         25501      553250    4    0    0    0    0    2    4    0    0    0    1    1    1    2    0    2    1    0    0    3    0    3    1    0    0    1    1    5    0    0    0    0    2    0    2    1    0    2    1    2    2    0    1    1    1    1    0    2    1    0    2    1    1    1    1    0    2    4    1    0    0    0    3    0    3    0    0    2    1    1    2    2    1    6    1    2    1    4    1    2    4    1    2    4    2    3    4    4    3    3     16500     30000     38375
1  3         74867      450000    1    0    1    0    0    5    1    1    0    1    1    0    0    2    2    1    0    2    1    1    0    1    0    2    1    1    0    2    0    0    1    1    0    1    0    3    0    3    0    2    0    0    1    1    1    1    2    0    1    1    1    2    0    0    2    0    0    0    1    6    0    4    0    2    0    1    1    2    0    3    0    1    1    5    5    4    2    0    3    2    3    3    2    3    2    5    5    3    5    1     46000     26000     12000
1  4         88552      510246    5    0    0    0    0   17    0    1    0    0    1    0    5    0    3    0    1    0    0    1    0    0    1    0    5    0    2    1    1    0    0    1    3    0    1    1    0    2    0    2    1    0    1    1    2    1    1    0    0    1    5    2    1    0    2    1    0    0    2    0    2    1    1    2    1    2    2    1    1    1    2    0    1    3    2    1    3    1    2    3    0    2    3    0    0    4    0    5    3    2     12000     70000      3529
1  5         87008      516000   10    0    0    0    0    3    2    1    0    1    0    3    2    0    3    2    1    0    2    1    0    0    1    1    2    1    0    0    1    1    0    0    4    3    0    3    0    1    1    2    1    1    0    2    0    0    2    0    2    1    1    1    1    1    1    1    1    0    1    2    0    2    0    0    1    2    0    1    2    0    3    0    2    3    2    0    4    0    2    3    2    4    1    7    3    4    1    1    4    1      6000     58000     21000
1  6         38466      446676    1    0    1    0    0    5    0    3    0    0    2    1    1    1    0    0    3    0    1    1    0    1    0    2    1    0    2    1    1    1    1    1    1    2    0    0    1    1    1    2    0    0    0    2    3    2    0    0    0    3    1    2    0    0    2    0    0    2    0    0    2    0    0    2    0    0    1    2    0    3    0    1    4    1    2    3    2    3    1    4    7    2    5    1    4    2    4    0    8    6     45000     25555     12222
1  7         32009      501438    2    0    0    0    0    9    2    0    2    0    1    3    1    1    0    1    1    0    1    1    0    2    0    1    1    1    0    0    2    0    2    0    3    3    0    0    1    1    0    1    1    1    0    2    0    1    1    2    0    2    0    0    2    0    0    2    0    2    1    0    2    1    0    0    2    0    1    1    3    3    1    2    6    1    1    0    4    5    1    4    0    0    4    4    2    4    2    7    1    4     29047     48571      7142
1  8         63530      473172    1    1    0    0    0    3    1    0    1    0    0    3    0    2    2    0    5    0    1    2    0    1    2    0    1    0    1    1    2    0    1    1    1    2    0    0    2    0    0    2    0    0    1    1    1    2    0    0    2    0    0    1    3    0    0    0    4    2    0    0    2    0    0    1    4    0    1    4    0    2    2    1    1    5    5    4    1    1    3    1    3    2    3    4    3    3    4    2    0    8     48421     13421     22894
1  9         30672      664000    1    0    0    0    0   14    0    4    0    1    0    1    1    0    1    1    0    0    1    0    0    0    2    5    0    3    2    2    0    0    1    1    0    2    0    0    1    0    2    1    1    1    1    1    1    1    1    0    1    1    1    1    1    1    1    1    1    1    1    3    2    0    0    2    0    0    1    2    0    1    4    2    3    1    2    3    2    0    4    0    0    3    0    5    0   16    0    5    0    0     63500     17500      7000
1  10         19705      480670    2    0    0    0    0    3    1    1    0    0    1    2    0    0    4    2    0    1    1    1    1    0    1    2    0    2    0    2    1    0    0    1    2    2    0    1    1    1    1    2    1    0    3    0    0    2    1    0    2    1    0    2    1    0    1    0    3    0    2    1    1    2    0    1    2    0    1    2    0    4    1    0    1    4    3    1    2    6    5    2    1    3    4    0    1    5    4    1    3    7     28666     35333     20000
1  11         62639      520000    3    0    0    0    0    2    2    2    0    0    0    2    1    0    1    0    1    1    0    1    1    1    0    1    1    0    1    0    2    1    0    0    2    0    2    1    0    2    1    0    3    1    0    0    2    2    3    0    2    0    1    1    1    1    1    1    1    2    0    1    0    0    2    0    0    2    2    1    1    1    5    1    0    2    4    1    4    3    2    3    3    7    2    1   10    2    1    3    5    3     20000     15000     50000
1  12         82423      142540    2    0    0    0    1    1    0    1    2    1    0    2    0    1    2    0    2    0    0    2    0    0    2    0    1    1    0    3    0    0    0    0    5    2    0    1    1    1    1    2    0    2    0    2    1    1    1    1    2    1    0    0    2    1    1    1    1    2    1    0    2    1    0    0    2    1    1    2    0    2    1    3    4    1    4    3    2    5    3    4    0    2    2    5    6    3    0    1    5    4     28466     36400     17600
1  13         80727      464672    2    0    0    0    0    5    1    1    0    1    0    2    0    2    1    1    1    0    1    0    2    1    1    0    1    0    2    0    3    0    1    0    3    1    1    1    0    3    0    2    0    0    2    0    0    1    1    1    1    2    0    1    1    1    1    2    0    1    2    0    1    1    2    1    0    4    2    0    0    2    1    3    4    1    2    4    1    2    4    1    2    1    6    2    2    6    2    2    5    5     45000     26666     12000
1  14         24423      525260    1    0    0    0    3    2    1    1    0    0    2    3    0    2    3    0    2    3    1    1    0    1    1    0    1    1    0    1    2    0    1    0    1    1    0    1    2    0    0    1    4    0    1    0    2    1    0    2    1    0    2    1    0    2    1    1    1    2    0    0    1    1    2    0    3    4    2    0    0    3    0    0    2    5    4    3    6    0    3    2    2    3    1    2    3    4    4    4    0    2     58095      9285     17142
1  15         18970      519000    2    0    0    0    0    3    2    0    0    0    2    1    1    0    1    0    2    1    1    0    1    0    0    2    0    0    2    1    3    0    0    1    2    2    1    0    0    3    1    2    0    1    0    3    1    0    0    3    0    3    1    0    0    3    0    0    3    0    4    1    2    0    1    0    5    0    3    0    0    2    3    1    4    3    1    4    3    1    5    0    2    0    2    6    4    4    2    7    0    1     34750     19500     31500
1  16         32143       96000    2    0    0    0    0    4    1    1    0    0    2    0    1    1    0    0    2    0    0    2    0    1    1    0    0    2    0    0    2    1    0    1    3    1    1    1    0    2    1    1    1    1    1    1    1    3    0    0    1    1    1    1    1    1    1    1    2    3    0    0    2    1    0    1    1    2    3    0    0    2    1    3    5    1    2    3    2    4    1    4    4    2    3    4    3    3    5    3    4    2     33000     35000     15000
1  17         72319      505000    3    0    0    0    0    4    0    1    2    0    2    0    1    1    0    1    1    0    2    0    1    1    1    0    1    1    0    1    1    1    0    1    2    0    2    0    0    2    0    0    2    0    1    1    1    4    0    0    2    0    2    2    1    0    0    2    0    2    0    3    1    1    2    1    2    0    0    2    1    3    0    4    3    3    1    3    2    5    0    4    4    2    3    3    3    3    5    5    3    1     27500     42500     15000
1  18         19814      517508    2    0    0    0    0    2    0    0    2    2    0    0    0    1    2    2    0    0    0    3    1    2    0    0    0    2    1    0    3    1    2    1    0    1    0    2    2    1    0    1    3    0    0    4    1    2    1    0    2    1    0    1    1    1    1    1    1    3    0    0    0    6    0    2    0    1    0    4    1    2    1    2    2    5    2    4    2    2    3    1    3    1    0    6    5    0    3    0    1    8     35000     16666     32916
1  19         63062      470836    2    0    0    0    2    1    0    2    1    0    0    2    2    0    0    1    0    1    1    0    1    2    0    0    0    3    1    2    1    0    0    0    2    0    3    1    0    3    1    2    2    0    0    1    2    2    0    1    0    4    1    0    0    3    2    2    0    2    0    1    3    0    0    0    2    2    2    0    1    3    1    1    1    9    2    4    1    2    5    2    1    3    1    3    3    2    4    0    1    7     33013     13424     38082