
1  0         90064       75478    0    1    0    0    1    0    1    1    0    1    1    0    1    1    0    1    1    0    1    1    0    1    1    0    1    1    0    1    1    1    1    1    1    1    1    1    1    1    1    1    1    1    1    1    1    1    1    2    1    1    2    1    1    2    1    1    2    1    1    2    1    1    2    1    1    2    1    1    2    0    2    2    1    3    3    1    3    3    1    3    3    1    3    3    1    4    2   16    1    4     10377     59623     13585
1  1         90118       79640    1    0    0    1    0    0    1    0    1    1    0    1    1    0    1    1    0    1    1    0    1    1    0    1    1    0    1    1    1    1    1    1    0    1    1    1    1    1    1    1    1    1    1    2    1    1    2    0    1    2    1    1    2    1    1    2    1    1    2    1    1    2    1    1    2    1    1    2    1    2    2    1    3    3    1    3    3    1    3    3    1    3    3    1    4    2    1    1    3   17     59444     13704     10556
1  2         90082       94896    0    1    0    0    1    0    1    1    0    1    1    0    0    1    1    1    1    0    1    1    0    1    1    0    1    1    0    1    1    1    1    1    1    1    1    1    1    1    1    1    1    1    1    1    2    1    1    2    1    1    2    1    1    2    1    1    2    1    1    2    1    1    2    1    1    2    1    1    2    1    2    2    1    3    3    1    3    3    1    3    3    1    3    3    1    4    2   16    1    2     12066     58354     14290
1  3         90064      169000    0    1    1    0    1    1    0    1    1    0    1    1    0    1    1    0    1    1    0    1    1    0    1    1    0    1    1    1    1    1    1    1    1    1    1    1    1    1    1    1    1    1    2    1    1    2    1    1    2    1    1    2    1    1    2    1    1    2    1    1    2    1    1    2    1    1    2    1    1    2    2    1    3    3    2    3    3    2    3    3    2    3    3    2    2    4    2    3    1    8     16500     43500     22500
1  4         90046       76794    0    1    0    0    1    0    1    1    0    1    1    0    1    1    0    1    1    0    1    1    0    1    1    0    1    1    0    1    1    1    1    1    1    1    1    1    1    1    1    1    1    1    1    1    1    1    1    1    1    1    1    0    1    2    1    1    2    1    1    2    1    1    2    0    1    3    1    1    3    1    2    2    1    3    3    1    3    3    1    3    3    1    3    3    1    4    2   17    1    4      9821     60179     13214
1  5         90028       93070    0    1    0    0    1    0    0    1    1    0    1    1    0    1    1    0    1    1    0    1    1    0    1    1    0    1    1    1    1    1    1    1    1    1    1    1    1    1    1    1    1    1    2    1    1    1    1    1    1    1    1    2    1    1    1    1    1    2    1    1    2    1    1    2    1    1    2    1    1    2    2    1    3    3    1    3    3    2    3    3    1    3    3    1    3    4    1    5    1   14     13877     59184     10816
1  6         90136      133000    0    1    1    0    1    1    0    1    1    0    1    1    0    1    1    0    1    1    0    1    1    0    1    1    0    1    1    1    1    1    1    1    1    1    1    1    1    1    1    1    1    1    1    1    1    1    1    1    2    1    1    2    1    1    2    1    1    2    1    1    2    1    1    2    1    1    2    1    1    2    1    2    3    2    3    3    2    3    3    2    3    3    2    3    3    1    4    4    9    1     16500     18500     47500
1  7         90046      102354    0    1    0    0    1    0    0    1    1    0    1    1    0    1    1    0    1    1    0    1    1    0    1    1    0    1    1    1    1    1    1    1    1    1    1    1    1    1    1    1    1    1    1    1    1    1    1    1    1    1    1    2    1    1    1    1    1    2    1    1    2    1    1    2    1    1    2    1    1    2    2    1    3    3    1    3    3    2    4    3    1    3    3    2    3    4    1    5    1   13     12353     57647     12353
1  8         90100      100720    0    1    0    0    1    0    0    1    1    0    1    1    0    1    1    0    1    1    0    1    1    0    1    1    0    1    1    1    1    1    1    1    1    1    1    1    1    1    1    1    1    1    1    1    1    1    1    1    1    1    1    2    1    1    1    1    1    2    1    1    2    1    1    2    1    1    3    1    1    2    2    1    4    3    1    3    3    2    4    3    1    3    3    1    2    4    2    4    1   13     11786     56429     13571
1  9         90118       84824    0    1    0    0    1    0    1    1    0    1    1    0    1    1    0    1    1    0    1    1    0    1    1    0    0    1    1    1    1    1    1    1    1    1    1    1    1    1    1    1    1    1    1    1    1    1    1    1    1    1    2    1    1    2    1    1    2    1    1    2    1    1    2    1    1    2    1    1    2    0    2    3    1    3    3    1    3    3    1    3    3    1    3    3    1    4    2   17    1    3     10556     59444     13704
1  10         90154       84624    1    0    0    1    0    0    1    1    0    1    1    0    1    1    0    1    1    0    1    1    0    1    1    0    1    1    0    1    1    1    1    1    1    1    1    1    1    1    1    1    1    1    1    1    1    1    1    1    1    1    1    1    1    2    1    2    1    1    2    1    1    1    2    1    2    1    1    1    2    2    1    2    3    1    4    3    1    4    3    1    4    3    1    4    4    1    3    1   12    4     55384     14616     12308
1  11         90118       80694    1    0    0    1    0    0    1    1    0    1    1    0    1    1    0    1    0    1    1    1    0    1    1    0    1    1    0    1    1    1    1    1    1    1    1    1    1    1    1    1    1    1    1    1    1    1    1    2    1    1    1    1    0    2    1    1    1    1    1    2    1    1    2    1    1    2    1    1    2    2    1    2    3    1    3    3    1    3    3    1    3    3    1    3    4    1    2    1   17    5     60862      9138     12759
1  12         90064       76004    1    0    0    1    0    0    1    0    1    1    0    1    1    0    1    1    0    1    1    0    1    1    0    1    1    0    1    1    1    1    1    1    1    1    1    1    1    1    1    1    1    1    1    1    1    1    1    1    1    1    1    1    2    1    1    1    1    1    2    1    1    2    1    1    3    0    1    2    1    2    2    0    3    3    1    3    3    1    3    3    1    3    3    1    4    2    1    1    6   17     61500     12334      8500
1  13         90136       89238    0    1    0    0    1    0    1    1    0    1    1    0    1    1    0    1    1    0    1    1    0    1    1    0    1    1    0    1    1    1    1    1    1    1    1    1    1    1    1    1    1    1    1    1    1    1    1    1    1    1    1    1    1    2    2    1    1    1    1    2    1    1    2    1    1    2    1    1    2    1    2    2    1    3    4    1    3    4    2    3    3    1    3    4    2    4    2   12    1    4     14615     55385     12308
1  14         90064       80774    1    0    0    1    0    0    1    0    1    1    0    1    1    0    1    1    0    1    1    0    1    1    0    1    1    0    1    1    1    1    1    1    1    1    1    1    1    1    1    1    2    1    1    2    1    1    2    1    1    2    0    1    2    1    1    2    1    1    2    1    1    2    1    1    2    1    1    2    1    2    2    0    3    3    1    3    3    1    3    3    1    3    3    1    4    2    1    1    2   17     58654     14231     11346
1  15         90100      135478    1    0    1    1    0    1    1    0    1    1    0    1    1    0    1    1    0    1    1    0    1    1    0    1    1    0    1    1    1    1    1    1    1    1    1    1    1    1    1    1    1    1    1    1    1    1    1    1    1    2    1    1    2    1    0    2    1    1    2    1    1    2    1    1    2    1    0    3    1    1    2    2    1    4    3    2    3    3    1    4    3    1    3    3    2    2    4   13    2    1     15105     16369     50895
1  16         90046       77342    1    0    0    1    0    0    1    1    0    1    1    0    1    1    0    1    1    0    1    1    0    1    1    0    1    1    0    1    1    1    1    1    1    1    1    1    1    1    1    1    1    1    1    1    1    1    1    1    1    1    2    1    1    2    1    1    2    1    1    2    1    1    2    1    1    2    1    1    2    2    1    2    3    1    3    3    1    3    3    1    3    3    1    3    4    1    2    1   15    5     59807     10192     13461
1  17         90082      142092    1    1    0    1    1    0    1    1    0    1    1    0    1    1    0    1    1    0    1    1    0    0    1    1    1    1    0    1    1    1    1    1    1    1    1    1    1    1    1    1    1    1    1    1    1    1    1    1    1    1    1    1    1    2    1    1    2    1    1    2    1    1    2    1    1    2    1    1    2    1    2    3    1    3    4    1    3    4    2    3    3    1    3    4    2    4    2   12    1    1     17954     48046     16500
1  18         90118       72698    0    1    0    0    1    0    0    1    1    0    1    1    0    1    1    0    1    1    0    1    1    0    1    1    0    1    1    1    1    1    1    1    1    1    1    1    1    1    1    2    1    1    2    1    1    2    1    0    2    1    1    2    1    0    2    1    0    2    1    1    2    1    1    2    1    1    2    1    1    2    2    1    3    3    1    3    3    1    3    3    1    3    3    1    2    4    2    2    1   17     14231     58654     11346
1  19         90082       89304    0    1    0    0    1    0    1    1    0    1    1    0    0    1    1    0    1    1    0    1    1    0    1    1    0    1    1    1    1    1    1    1    1    1    1    1    1    1    1    1    1    1    1    1    1    1    1    1    2    1    1    1    1    1    1    1    1    2    1    1    2    1    1    2    1    1    2    1    1    2    2    1    3    3    1    3    3    1    3    3    1    3    3    1    2    4    2    5    1   16     13484     60004      9536