
2  0         27172        9763    1    4    2    0    4    1    2    6    4    3    4    4    3    5    4    5    5    4    5    6    4    6    6    4    6    6    6    250000    147619      9524
2  1         27154        5001    6    1    1    5    2    2    5    5    3    5    5    3    5    5    0    5    5    4    6    5    4    6    5    6    6    5    6    150000      7143    250000
2  2         27082       21250    3    6    4    3    1    0    3    2    3    5    0    3    5    4    1    5    4    4    5    6    5    5    6    2    6    6    6    156250    231250     18750
2  3         27154        6879    0    2    2    1    5    5    3    5    2    3    6    2    4    6    2    4    6    2    5    6    2    5    6    2    6    6    2    250000    141667     14792
2  4         27082       21819    0    1    5    3    6    3    3    0    3    4    2    3    4    5    4    5    5    4    2    6    4    1    6    5    6    6    6     23635    231364    150910
2  5         27154       20911    0    3    5    1    3    6    2    4    6    3    4    6    5    4    6    5    4    6    5    6    6    6    6    6    6    6    6    257952    125000     26137
2  6         27082       13489    1    0    5    2    1    3    0    2    3    5    3    3    5    4    4    5    6    4    6    6    4    6    6    6    6    6    6    215152     36363    154546
2  7         27190       22500    1    3    0    2    3    0    3    4    0    4    4    0    5    6    0    5    6    0    5    6    0    6    6    0    6    6    5    256250    117500     31250
2  8         27082       21250    2    0    6    0    1    5    1    2    5    4    3    3    4    3    3    6    4    3    6    4    5    6    5    5    6    6    5    231250     18750    156250
2  9         27046        9287    0    5    2    1    5    2    3    5    2    3    5    2    4    6    2    4    6    2    5    6    2    6    6    5    6    6    5    250000    120000     37143
2  10         27064       29287    4    2    6    6    1    4    4    0    6    4    3    5    5    3    5    5    5    6    6    5    6    6    4    6    6    6    6     46429    250000    110714
2  11         27190       13489    1    4    0    0    3    2    6    3    6    2    3    3    5    4    4    5    4    1    5    5    6    6    6    6    6    6    6    215152    154546     36363
2  12         27172       11669    0    3    2    1    5    3    2    5    3    3    6    3    4    6    3    4    6    3    5    6    3    5    6    3    6    6    5    250000    141667     15476
2  13         27064       13335    3    0    5    4    1    4    5    2    3    5    3    3    5    4    4    6    5    5    6    6    5    6    6    5    6    6    6     58333    258333     91667
2  14         27190        5001    1    1    6    6    0    5    2    3    5    6    3    6    6    2    6    6    4    6    6    4    6    6    5    6    6    5    6      7143    250000    150000