
1  0         90172      497200    1    0    1    1    0    1    0    1    1    1    1    1    0    1    1    2    1    0    0    1    1    1    2    0    0    0    2    1    2    0    1    0    2    1    1    1    1    1    1    2    2    0    2    2    0    0    1    2    1    0    2    1    1    1    0    1    2    2    1    1    1    3    0    0    1    2    2    1    1    3    3    0    3    1    4    2    4    2    1    1    5    2    4    2    6    2    3    4    3    3     18600     30200     36000
1  1         90172      192000    1    1    0    1    0    1    1    1    0    0    2    1    2    0    0    1    1    0    1    1    0    0    2    1    1    0    2    1    1    1    2    0    0    1    0    2    1    0    2    1    2    0    1    1    2    2    1    0    0    3    1    1    2    0    1    0    3    1    2    0    2    0    1    2    0    1    1    2    0    2    1    2    2    2    6    4    0    5    3    3    2    1    7    0    1    7    2    4    0    7     36000     27000     18000
1  2         90154      138464    1    1    0    0    1    1    2    0    2    1    1    0    0    1    1    1    0    3    1    1    0    2    0    2    0    1    1    1    1    1    1    1    1    1    1    1    1    1    1    1    1    1    0    1    3    1    1    1    1    1    1    1    1    1    0    2    0    2    1    1    0    2    1    2    1    1    1    1    2    2    2    1    5    2    2    4    2    4    1    4    1    6    1    4    2    4    3    1    5    1     19384     46616     16768
1  3         90172      103534    0    1    1    0    1    1    0    1    1    0    1    1    0    1    1    0    1    1    0    1    1    0    1    1    0    1    1    1    1    1    1    1    1    1    1    1    1    1    1    1    1    2    1    1    1    1    1    1    1    1    1    1    1    1    1    1    1    2    1    1    2    1    1    2    1    1    0    2    0    1    2    2    2    3    3    1    3    4    2    3    3    6    2    2    9    2    2    5    3    3     16470     50002     15881
1  4         90172      520000    2    0    0    0    1    1    1    0    1    1    0    1    1    2    0    1    2    0    1    0    1    1    1    1    0    2    1    2    1    0    2    1    0    0    1    2    1    1    1    1    1    1    2    0    1    1    0    2    2    0    1    0    3    1    2    2    0    1    0    2    2    1    1    1    2    1    1    4    0    2    1    2    1    3    4    3    5    1    1    1    5    2    6    1    4    1    4    3    0    6     30000     20000     35000
1  5         90118      125418    0    3    1    1    1    0    1    0    1    1    0    1    0    4    1    1    0    1    1    0    1    0    1    3    0    1    3    1    1    1    1    1    1    1    1    1    1    1    1    1    0    2    2    0    0    1    3    0    1    0    2    1    1    1    1    0    2    1    4    0    1    2    1    1    4    0    1    0    3    2    2    1    3    0    3    4    2    0    4    0    1    1    5    6    3    5    3    5    0    1     49500     12625     20166
1  6         90136      121144    1    1    0    1    1    0    1    1    0    1    1    0    1    1    0    1    1    0    1    1    0    1    1    0    1    1    0    1    1    1    1    1    1    1    1    1    1    1    1    1    1    1    1    1    1    1    1    1    1    1    2    2    1    0    1    1    1    1    1    2    1    1    2    1    1    2    1    2    0    1    1    5    2    3    4    2    2    5    3    3    2    3    3    2    4    4    1    3    2    7     32284     33572     16572
1  7         90172      178000    1    0    2    1    0    2    1    1    0    0    1    2    1    1    0    2    0    1    1    1    0    0    1    2    1    1    0    1    1    1    0    1    2    2    0    2    1    1    0    3    0    1    0    2    0    2    1    0    1    1    1    2    1    0    2    1    0    0    2    1    1    1    2    2    1    0    1    1    2    1    2    3    2    3    4    4    3    0    4    2    4    2    3    4    2    5    1    1    4    5     27000     45000     13500
1  8         90190       51430    0    0    1    0    0    1    0    1    1    0    1    1    0    1    1    0    1    1    0    1    1    0    1    1    0    1    1    1    0    1    1    0    1    1    0    1    1    1    1    1    2    1    1    2    1    2    0    1    1    3    1    2    0    1    1    2    1    2    2    1    2    2    1    2    3    1    2    2    1    5    3    1    5    6    2    2    1    3    2    1    3    2    1    3    1    1    4    5    3    3     14285      4286     65714
1  9         90136      536446    0    1    1    0    1    1    0    2    0    1    0    2    1    0    2    1    1    0    2    1    0    0    1    2    0    2    0    2    1    0    2    0    1    0    1    2    2    0    2    0    2    1    2    0    2    0    1    3    2    1    0    2    1    0    2    1    0    2    1    1    2    1    0    2    1    0    0    3    0    3    1    2    0    4    4    1    5    1    6    0    3    1    1    7    4    5    0    2    3    5     27389     35611     21889
1  10         90118      512366    0    1    1    0    1    1    0    2    1    1    2    0    1    0    1    1    0    1    1    0    1    0    2    1    0    2    1    2    1    0    0    1    2    2    0    1    1    1    1    1    1    1    1    0    2    1    1    1    1    0    2    1    0    2    1    3    0    2    0    1    2    1    1    0    3    1    1    0    2    2    0    3    1    3    4    4    2    2    3    5    1    5    1    2    4    3    3    3    6    2     29636     20727     33364
1  11         90154      498698    0    1    1    1    0    1    2    1    0    1    2    0    0    1    1    1    1    1    0    1    1    2    0    1    2    0    1    1    1    1    3    1    0    2    0    1    2    0    1    0    2    1    0    2    1    1    1    1    1    1    1    1    0    2    1    1    1    0    1    2    1    0    2    0    3    1    1    2    1    1    2    2    5    2    2    2    4    2    3    2    3    4    6    0    3    3    4    1    1    6     20434     24783     39132
1  12         90154      480000    1    0    0    1    0    0    1    0    1    1    0    1    1    0    1    1    1    0    1    0    1    1    0    1    1    1    0    1    1    1    1    1    1    1    1    1    1    1    1    1    1    1    1    1    2    1    1    1    2    0    0    1    1    1    1    2    0    1    1    2    2    0    0    1    2    1    1    2    1    1    4    3    4    0    0    1    6    8    1    6    7    2    5    4    4    2    1    4    2    1     60000     15000     10000
1  13         90190       78000    0    1    0    0    1    0    1    1    0    0    1    0    0    1    1    1    1    0    1    1    0    1    1    0    1    1    0    0    1    1    0    1    1    1    1    1    3    1    0    1    1    1    0    1    2    2    1    1    2    1    1    2    1    1    2    1    1    2    1    2    1    1    2    1    1    3    1    1    2    1    2    1    2    3    2    4    2    6    3    3    1    2    3    2    4    3    5    3    3    5      6000     64000     13000
1  14         90154      541500    1    0    1    1    1    0    1    2    0    1    0    2    1    1    0    0    0    3    1    1    1    1    0    2    2    0    0    1    0    2    1    2    0    1    1    1    0    1    2    1    2    0    0    2    2    1    2    0    2    0    1    1    1    2    1    1    1    3    0    0    0    2    2    2    0    1    2    1    0    2    1    2    4    0    4    1    2    6    1    5    3    2    3    4    4    5    0    3    6    0     35250     27750     22250
1  15         90154      125500    2    0    1    0    1    1    1    1    0    1    1    0    0    1    1    0    1    1    1    1    0    1    1    0    1    1    0    3    0    1    0    1    2    1    1    1    1    1    1    0    2    0    0    1    2    0    2    0    3    0    2    4    0    0    2    0    3    0    1    3    2    1    1    0    2    1    1    2    0    3    2    0    6    2    1    1    4    2    1    3    4    2    2    6    5    2    5    0    5    3     20250     44875     18125
1  16         90100      500000    1    0    1    2    1    0    0    2    1    1    0    1    1    2    0    1    1    1    1    0    1    1    2    0    1    2    0    1    1    1    2    0    1    2    0    1    0    2    1    0    2    1    2    0    1    1    0    2    2    0    1    0    2    1    0    1    2    1    0    2    1    0    2    1    2    1    1    0    2    3    3    0    3    2    3    3    2    3    4    6    0    3    2    3    0    6    4    3    1    5     26000     22000     37000
1  17         90136      134500    0    1    1    1    1    0    0    1    1    0    1    1    0    1    1    0    2    0    0    1    1    1    0    2    0    1    1    1    1    1    1    1    1    2    0    2    0    2    0    1    0    3    1    1    1    1    1    1    1    1    1    0    1    2    1    2    0    1    2    0    1    2    0    0    2    1    1    2    0    4    0    3    4    2    3    5    1    4    5    1    4    2    5    0    7    1    4    1    5    3     19125     38500     24500
1  18         90172      547600    2    1    0    1    0    1    2    1    0    0    1    1    1    0    2    0    1    1    0    1    1    2    0    1    0    3    0    1    0    2    2    0    1    3    1    0    1    0    2    0    2    1    2    2    0    0    3    0    0    1    2    2    2    0    0    2    1    0    1    2    0    1    2    2    1    1    0    2    1    1    3    1    2    3    3    1    3    3    5    2    2    5    3    1    7    1    3    0    1    7     20400     28000     36000
1  19         90136      470000    2    0    0    1    1    0    2    0    2    1    1    0    1    1    0    0    2    0    1    1    0    1    1    0    2    0    2    1    1    0    1    1    0    1    1    1    1    1    0    1    1    2    1    1    2    1    1    2    1    1    2    1    1    2    1    1    1    1    1    4    0    2    0    1    1    2    0    2    0    1    2    2    1    4    0    5    1    6    4    2    2    2    3    4    5    2    6    1    5    0     30000     50000      5000