
1  0         90154      726000    1    1    0    0    1    1    2    1    1    0    1    2    1    1    1    1    1    1    1    1    1    1    1    1    1    1    1    1    1    1    1    2    1    2    1    1    1    1    1    1    2    1    1    1    1    1    1    1    1    1    1    1    1    1    1    1    1    1    2    1    1    1    1    2    1    0    1    1    1    2    1    2    2    3    3    2    3    3    2    3    3    3    2    2    4    2    3    3    2    4     36000     22000     32000
1  1         90172      623334    1    1    1    1    0    1    1    0    0    1    1    0    1    1    1    1    1    0    1    2    0    1    0    1    1    1    1    1    3    0    1    1    1    1    1    1    1    0    1    1    1    1    1    1    1    1    1    1    2    1    1    1    1    1    1    1    1    1    3    1    1    1    2    1    2    2    1    2    1    2    1    2    2    2    5    2    2    5    3    3    1    3    2    2    3    3    3    3    3    4     63000      6333     18001
1  2         90154      710000    1    2    1    1    1    0    1    1    1    1    0    1    1    1    1    1    1    1    1    0    1    1    1    1    1    0    1    1    0    2    1    1    1    1    1    2    1    1    1    1    1    1    1    1    1    1    1    1    1    1    1    1    1    1    1    1    1    1    2    1    1    1    1    1    2    1    2    2    1    2    2    1    2    3    3    3    2    2    3    3    3    2    3    3    3    3    3    3    3    3     40000     20000     30000
1  3         90118      798000    1    0    1    1    1    0    0    1    2    1    0    4    1    1    0    1    1    0    0    2    1    1    0    1    0    0    3    1    0    2    0    1    2    0    4    0    0    4    0    1    0    3    0    4    0    2    0    2    2    0    1    0    4    0    2    0    0    1    2    0    1    0    2    1    1    1    0    4    1    2    3    0    2    4    4    1    3    7    4    1    1    4    0    2    5    1    2    7    0    0     42000     24000     24000
1  4         90154      680000    1    0    1    1    0    1    0    1    1    1    1    1    0    1    1    1    1    1    1    1    1    1    0    1    1    1    1    1    1    1    1    2    1    2    0    1    1    1    1    1    1    1    1    1    1    1    1    1    1    1    1    1    1    1    1    2    1    2    1    1    1    1    1    1    1    1    2    0    1    2    1    3    4    3    2    2    3    3    3    4    2    2    2    3    2    5    3    3    4    3     20000     15000     55000
1  5         90136      834400    1    1    0    1    1    0    1    0    1    1    1    2    1    0    1    1    0    1    0    2    1    2    0    2    1    1    1    1    1    1    1    1    1    0    1    2    2    1    2    0    1    2    1    1    1    2    0    1    0    3    1    0    2    1    1    1    1    0    1    2    1    1    2    1    1    1    0    0    4    2    2    1    4    1    3    3    5    0    1    5    1    5    1    2    3    3    3    5    4    1     29400     28800     33600
1  6         90172      844000    0    0    2    1    1    1    1    1    1    1    1    1    1    1    1    1    2    0    1    1    1    1    3    0    0    1    1    1    0    1    2    1    0    2    1    1    1    3    1    1    1    1    2    0    1    1    1    1    3    0    1    0    1    2    0    2    1    1    1    1    2    0    1    1    1    2    2    2    1    1    2    2    2    3    3    4    3    1    3    1    3    3    3    2    3    2    3    0    3    5     27000     18000     45000
1  7         90172      654000    2    0    1    0    0    1    0    1    1    0    1    1    0    1    1    0    1    1    2    1    1    1    1    1    1    0    1    1    2    1    0    1    1    1    1    1    0    1    1    1    1    1    1    1    1    1    2    1    1    1    1    1    1    1    0    1    2    2    2    1    2    1    1    1    2    1    2    1    1    1    2    2    5    2    2    2    5    2    3    3    3    2    2    3    5    1    3    4    3    3     14000     14000     58000
1  8         90154      871128    0    0    2    0    1    2    0    0    2    0    0    2    2    0    1    0    1    1    0    1    1    1    0    1    2    1    2    1    1    1    1    1    1    1    1    1    1    3    0    1    1    1    3    1    0    1    1    2    2    0    1    1    1    1    3    1    0    3    0    1    0    4    1    0    3    1    1    2    1    3    0    2    2    1    3    0    1    4    2    2    3    4    4    1    2    6    2    5    4    1     22188     23688     46312
1  9         90172      716668    1    1    1    1    1    0    0    1    2    1    1    1    1    1    3    1    1    1    1    1    1    1    1    1    1    1    1    1    1    1    1    1    1    1    1    1    1    1    1    1    1    1    1    1    1    1    1    1    1    1    1    1    2    1    1    1    1    1    1    1    1    1    2    1    1    1    1    1    1    2    2    1    2    3    3    3    2    3    3    2    3    3    3    2    3    3    3    4    3    1     36667     39999     13334
1  10         90136      690000    1    1    1    1    0    0    1    1    0    2    0    0    1    0    1    0    1    3    1    1    0    1    1    0    1    1    0    1    1    1    1    0    1    2    2    0    1    1    1    1    1    1    0    3    3    1    1    1    1    1    2    1    2    1    1    1    1    1    0    2    1    1    1    1    1    1    1    1    2    2    2    0    2    3    4    4    2    2    3    3    1    3    2    3    3    4    3    2    4    6     60000     10000     20000
1  11         90118      690000    1    1    1    0    2    1    1    1    1    1    1    0    1    1    1    1    1    1    1    1    1    2    0    1    1    1    1    1    1    1    2    0    0    1    1    0    1    2    2    1    1    1    1    1    1    1    1    1    1    1    1    1    1    1    1    1    2    1    1    2    1    1    1    1    1    2    1    1    2    1    3    2    3    2    1    3    2    3    3    2    2    2    3    4    3    4    2    3    3    3     50000     30000     10000
1  12         90136      690000    1    1    1    1    2    0    0    1    1    0    1    1    1    1    1    1    1    1    1    1    1    1    1    1    1    1    1    1    1    1    1    1    1    1    1    1    1    1    1    1    1    1    1    1    1    1    1    1    1    1    1    1    1    1    1    1    1    2    1    1    1    1    1    1    1    1    1    1    1    3    2    2    2    2    3    3    2    3    3    2    3    2    3    3    3    4    3    4    3    3     20000     20000     50000
1  13         90154      782000    0    1    1    2    0    2    2    0    1    2    0    1    1    1    1    0    1    1    1    1    1    0    2    1    1    1    1    1    2    1    1    1    0    1    1    1    2    1    1    0    2    1    2    1    1    1    1    1    1    1    1    0    2    1    1    1    1    1    1    1    1    1    2    1    1    2    1    1    1    1    2    3    3    2    2    3    2    3    2    3    2    3    3    1    3    3    3    4    3    3     27000     47000     16000
1  14         90136      710000    1    0    1    1    0    1    1    1    1    1    1    0    1    1    0    1    1    0    1    1    1    1    1    0    1    1    1    1    1    1    1    1    2    1    2    2    1    1    2    1    1    1    1    1    1    1    1    1    1    2    1    1    1    1    1    1    1    1    1    1    2    0    0    1    1    1    1    1    2    2    1    3    3    3    3    2    3    3    2    3    4    2    2    4    4    3    1    3    5    2     50000     20000     20000
1  15         90154      710000    1    0    1    1    1    2    1    1    1    1    1    1    2    0    1    1    1    0    0    2    1    2    1    0    1    1    1    1    1    1    1    1    1    1    1    1    1    1    1    1    1    1    1    1    1    1    1    1    1    1    1    1    1    1    1    1    1    1    2    1    1    1    1    1    2    1    2    1    1    2    1    2    3    2    2    2    3    3    2    3    3    2    3    2    3    3    4    3    3    4     40000     30000     20000
1  16         90136      710000    1    0    1    1    0    1    1    1    1    1    1    1    1    1    1    1    1    1    1    0    1    1    0    1    1    2    1    1    1    2    1    1    2    1    1    1    1    1    1    1    1    1    1    1    1    1    1    1    1    1    1    1    1    1    1    1    1    1    1    2    1    2    1    1    1    1    1    2    1    2    2    1    3    3    2    2    2    3    3    2    2    3    4    2    3    3    3    3    4    3     50000     10000     30000
1  17         90118      796000    1    1    0    0    2    1    2    0    2    0    2    2    1    1    1    1    1    1    1    0    1    1    2    0    0    1    1    1    1    1    1    2    0    1    0    2    1    1    1    2    0    1    1    1    1    2    2    0    1    1    1    2    1    1    1    2    1    2    1    1    1    2    1    1    0    2    1    1    1    1    2    2    3    1    3    3    4    1    2    3    2    3    2    3    3    3    3    2    2    5     27000     27000     36000
1  18         90154      540000    0    1    1    1    1    1    0    1    1    1    1    1    0    1    1    1    1    1    0    1    1    0    1    1    0    1    1    1    1    1    1    1    1    1    1    1    1    1    1    2    1    1    1    1    1    1    1    1    1    1    1    2    1    1    1    1    1    2    1    1    1    2    1    3    1    1    2    1    1    0    2    2    3    2    3    4    3    2    2    2    3    6    2    2    4    3    3    0    4    4     15000     25000     45000
1  19         90172      812858    0    1    1    0    1    1    2    0    1    0    1    1    0    1    1    0    1    1    0    1    1    1    1    1    0    1    1    2    3    0    2    0    1    2    1    1    2    1    1    0    0    2    1    1    2    0    3    1    0    1    2    1    0    2    3    0    1    2    0    1    3    0    1    4    1    1    2    1    1    2    0    2    2    4    2    1    3    3    3    3    2    3    3    2    2    4    3    2    5    2     22143     23572     45714