
1  0         14178       55000    1    0    1    0    1    0    2    0    2    0    0    5    2    4    250000    160000
1  1         14458       55000    0    1    0    1    0    1    0    2    0    2    5    0    4    2    160000    250000
1  2         14260       55000    1    0    1    0    1    0    2    0    2    0    0    5    2    4    250000    160000
1  3         14021      165000    0    1    0    1    0    1    0    2    2    1    5    0    2    3    150000    250000
1  4         14275       55000    0    1    0    1    0    1    0    2    0    2    5    0    4    2    160000    250000
1  5         14350       55000    0    1    0    1    0    1    0    2    0    2    5    0    4    2    160000    250000
1  6         14094       55000    1    0    1    0    1    0    2    0    2    0    0    5    2    4    250000    160000
1  7         14290       55000    1    0    1    0    1    0    2    0    2    0    0    5    2    4    250000    160000
1  8         14150      165000    0    1    0    1    0    1    0    2    2    1    2    2    5    1    150000    250000
1  9         14057       55000    1    0    1    0    1    0    2    0    2    0    0    5    2    4    250000    160000
1  10         14095       55000    0    1    0    1    0    1    0    2    0    2    5    0    4    2    160000    250000
1  11         14634       55000    0    1    0    1    0    1    0    2    0    2    5    0    4    2    160000    250000
1  12         14306       55000    1    0    1    0    1    0    2    0    2    0    0    5    2    4    250000    160000
1  13         14596       55000    1    0    1    0    1    0    2    0    2    0    0    5    2    4    250000    160000
1  14         14090      165000    1    0    1    0    1    0    2    0    1    2    2    2    1    5    250000    150000
1  15         14247       55000    0    1    0    1    0    1    0    2    0    2    5    0    4    2    160000    250000
1  16         14001       55000    0    1    0    1    0    1    0    2    0    2    5    0    4    2    160000    250000
1  17         14306       55000    0    1    0    1    0    1    0    2    0    2    5    0    4    2    160000    250000
1  18         14185       29287    1    0    1    0    1    0    2    0    2    0    2    2    0    7    250000    157143
1  19         14115       65000    1    0    1    0    1    0    0    3    2    0    2    2    2    4    250000    150000