
2  0         20795       55000    0    6    5    6    2    0    5    6    4    4    4    6    6    6    0    6    1    5    5    5    5    5    3    6    5    3    4     70000    250000     90000
2  1          8289       88800    1    2    5    0    4    6    3    3    6    0    5    5    3    4    5    2    4    5    6    6    6    6    1    3    6    6    4    123800    110200    169400
2  2          9427       55000    5    6    3    0    5    2    6    5    5    0    6    1    5    6    6    6    6    6    3    5    4    3    5    6    5    5    4    125000     35000    250000
2  3         10902       58750    5    6    6    3    0    4    5    3    1    6    0    6    6    3    5    3    6    5    5    0    2    3    6    6    3    0    4     93750     62500    250000
2  4          1213       47500    5    4    6    0    0    5    6    0    4    3    0    1    3    2    6    3    0    2    5    1    4    5    3    6    5    3    6    150000     25000    237500
2  5          4468       55000    2    4    5    4    5    6    0    6    1    1    0    2    4    5    3    6    4    5    3    3    6    3    6    6    6    5    6     90000    160000    160000
2  6          2279       65000    3    6    3    0    2    5    0    2    1    0    5    6    0    4    6    0    6    5    3    3    4    1    6    6    3    4    5     50000    140000    220000
2  7          2437       35000    2    5    4    0    3    5    5    6    4    0    6    3    2    6    6    5    6    6    5    3    1    3    3    6    5    3    6    130000     30000    250000
2  8         11859       61500    1    6    5    0    4    0    3    5    5    5    2    1    4    6    3    4    3    1    4    6    5    0    5    1    3    6    6     88500    259000     64000
2  9          9530       61000    4    0    5    3    2    6    4    0    4    6    4    1    6    6    6    6    6    5    4    3    5    0    3    6    2    2    3     48000    101000    255000
2  10          5293       55625    6    0    3    5    0    1    0    5    6    6    0    6    6    0    6    4    3    5    3    3    2    5    3    5    4    3    4    122500     31875    255000
2  11          8789       45000    5    2    6    0    6    6    4    6    3    4    6    1    0    6    5    5    6    4    3    6    6    6    5    5    3    6    2    125000     30000    255000
2  12         17384       45000    3    0    6    0    6    2    6    5    3    6    0    1    3    4    6    3    5    6    6    6    5    3    4    5    5    3    4     30000    120000    260000
2  13          4629       45000    5    6    1    5    0    4    0    0    3    3    4    2    5    6    5    4    4    5    3    4    6    6    3    6    6    0    6     94000     52000    260000
2  14          2491       27500    2    6    0    3    6    1    6    3    4    3    3    6    2    5    6    6    3    5    5    3    6    3    6    5    5    5    4    130000     27500    250000
2  15          3887       53750    5    0    6    6    4    1    6    0    2    6    4    6    6    3    5    3    3    6    3    6    5    3    6    5    3    3    4     31250    125000    255000
2  16         18699       25000    2    2    6    3    1    4    0    5    6    5    2    5    6    3    4    6    4    6    3    0    6    1    3    4    5    1    5    230000     20000    160000
2  17         21011      574000    4    0    5    0    4    6    0    0    1    0    0    6    0    4    5    5    3    2    4    6    4    4    5    3    5    3    6      2500     80000    340000
2  18          4623       59000    1    1    3    2    6    6    4    5    4    4    3    5    0    6    5    6    6    2    0    3    6    6    6    4    1    0    5     52000    146000    208000
2  19          9344       54000    5    6    1    5    5    1    6    6    4    4    0    5    6    6    6    5    4    6    5    2    5    5    3    5    6    3    4     33500    250000    127500