
0            65     9981500    0    6    1    0    1    1    6    1    1    1    1    1    5    1    1    3    1    1    3    3    1    3    3    2    3    3    4    990000         0    450000
0           197     7491500    0    6    1    6    1    1    6    1    1    1    1    1    5    1    1    3    1    1    3    3    1    3    3    2    3    3    4    720000         0    450000
0           333     5499500    0    6    1    6    1    1    6    1    1    4    1    1    5    1    1    3    1    1    3    3    1    3    3    2    3    3    4    720000         0    234000
0           474     3534500    0    6    1    6    1    1    6    1    1    4    1    1    5    1    1    3    1    1    5    3    1    3    3    2    3    3    4    495000         0    234000
0           617     2481500    0    6    2    6    1    1    6    1    1    4    1    1    5    1    1    3    1    1    5    3    1    3    3    2    3    3    4    495000         0    117000
0           759     1667000    0    6    2    6    1    1    6    1    1    4    1    1    5    1    1    2    1    1    5    3    1    3    3    2    3    3    4    469500     51000         0
0           906     1396500    0    6    2    6    1    1    6    1    1    4    1    1    5    1    1    2    1    1    5    3    1    1    3    2    3    3    4    495000         0         0
0          1059     1391500    0    6    2    6    1    1    6    6    1    4    1    1    5    1    1    2    1    1    5    3    1    1    3    2    3    3    4    492500      2500         0
0          1218     1341500    0    6    2    6    1    1    6    6    1    4    1    1    5    6    1    2    1    1    5    3    1    1    3    2    3    3    4    450000     30000         0
0          1386     1274000    0    6    2    6    6    1    6    6    1    4    1    1    5    6    1    2    1    1    5    3    1    1    3    2    3    3    4    450000     22500         0
0          1559     1026500    0    6    2    6    6    1    6    6    1    4    4    1    5    6    1    2    1    1    5    3    1    1    3    2    3    3    4    400000     75000         0
0          1730      851500    0    6    2    6    6    1    6    6    1    4    4    1    5    6    1    2    1    1    5    5    1    1    3    2    3    3    4    350000    100000         0
0          2172      621500    0    6    4    6    6    1    6    6    1    4    4    1    5    6    1    2    1    1    5    5    1    5    3    2    3    3    4    230000    160000     30000
0          2312      180000    0    6    4    6    6    4    6    6    1    4    4    1    5    6    1    2    1    1    5    5    1    5    3    2    3    3    4    240000    155000     20000
0          2454      140500    0    6    4    6    6    4    6    6    1    4    4    0    5    6    1    2    1    1    5    5    1    5    3    2    3    3    4    221000    164500     29000
0          2938       95000    0    6    4    6    6    4    6    6    0    4    4    2    5    6    1    2    1    4    5    5    1    5    3    2    3    3    4    210000    170000     30000
0          6885       55000    0    6    5    6    2    4    5    6    4    4    4    6    0    6    0    6    1    5    5    5    5    5    3    6    5    3    4    102000    260000     46000
0         41513       55000    0    6    5    6    2    0    5    6    4    4    4    6    6    6    0    6    1    5    5    5    5    5    3    6    5    3    4     70000    250000     90000
0         20795       55000    0    6    5    6    2    0    5    6    4    4    4    6    6    6    0    6    1    5    5    5    5    5    3    6    5    3    4     70000    250000     90000
0            70     5499500    2    0    5    0    0    6    0    0    1    3    1    1    3    3    1    3    3    1    3    3    4    3    3    4    3    3    6    234000         0    720000
0           217     4031527    2    0    5    0    0    6    0    0    1    3    1    1    3    3    1    3    3    1    3    3    4    3    3    4    3    3    2     31250     62500    990000
0          3340     3341500    1    2    5    0    0    6    2    2    2    0    0    1    3    1    1    6    6    6    0    0    4    2    2    3    3    0    0         0         0    720000
0          3488     1396500    1    2    5    0    0    6    2    2    2    0    0    5    3    1    1    6    6    6    0    0    4    2    2    3    3    0    0         0         0    495000
0          8086     1381500    1    2    5    0    0    6    2    2    2    0    0    5    3    1    1    6    6    6    6    0    4    2    2    3    6    0    0     30000         0    450000
0          8232     1264000    1    2    5    0    0    6    2    2    2    0    0    5    3    1    1    6    6    6    6    0    4    2    2    3    6    0    4    125000         0    362500
0          8386     1169000    1    2    5    0    0    6    2    2    2    0    0    5    3    1    1    6    6    6    6    0    4    6    2    3    6    0    4     92500     10000    360000
0          8549     1162750    1    2    5    0    0    6    2    2    2    0    0    5    3    1    1    6    6    6    6    0    4    6    6    3    6    0    4     90000     11250    360000
0          8724     1151500    1    2    5    0    0    6    2    2    2    0    0    5    3    1    1    6    6    6    6    0    4    6    6    3    6    3    4     80000     30000    360000
0          8898     1116500    1    2    5    0    0    6    2    2    2    0    0    5    3    1    1    6    6    6    6    0    4    6    5    3    6    3    4     95000     20000    350000
0          9068      921500    1    2    5    0    0    6    2    2    6    0    0    5    3    1    1    6    6    6    6    0    4    6    5    3    6    3    4         0    125000    325000
0          9237      851500    1    2    5    0    0    6    2    2    6    0    0    5    3    1    1    6    6    5    6    0    4    6    5    3    6    3    4    132000     64000    254000
0         13647      771500    1    2    5    0    0    6    2    2    6    0    0    5    3    1    1    6    3    5    6    0    4    6    5    3    6    3    4    150000     50000    250000
0         13806      747500    1    2    5    0    0    6    2    2    6    0    0    5    3    3    1    6    3    5    6    0    4    6    5    3    6    3    4    150000     42000    250000
0         16020      676500    1    2    5    0    0    6    3    3    6    0    2    5    3    4    5    2    4    5    6    6    6    6    1    3    6    1    4     75000    100000    250000
0         16167      612000    1    2    5    0    0    6    3    3    6    0    2    5    3    4    5    2    4    5    6    6    6    6    1    3    6    6    4     76500    153000    194000
0         16320      604500    1    2    5    0    4    6    3    3    6    0    2    5    3    4    5    2    4    5    6    6    6    6    1    3    6    6    4    125000    104500    186500
0         16491       88800    1    2    5    0    4    6    3    3    6    0    5    5    3    4    5    2    4    5    6    6    6    6    1    3    6    6    4    123800    110200    169400
1          8289       88800    1    2    5    0    4    6    3    3    6    0    5    5    3    4    5    2    4    5    6    6    6    6    1    3    6    6    4    123800    110200    169400
0            76     7491500    5    0    0    0    0    2    0    0    1    0    0    1    0    0    1    6    0    1    3    3    3    3    3    6    3    3    4    720000         0    450000
0           224     5971500    5    0    0    0    0    2    0    0    1    0    0    1    0    0    1    6    0    1    3    3    4    3    3    6    3    3    4    730000         0    260000
0           365     4031527    5    0    0    0    0    2    0    0    1    0    0    1    0    0    1    6    0    1    3    3    4    3    3    6    3    3    5    166666         0    823333
0           511     3661500    5    0    0    0    0    2    0    0    1    0    0    1    0    0    1    6    0    1    3    3    4    3    3    6    6    3    5    270000         0    450000
0           666     3501500    5    0    0    0    0    2    0    0    1    0    0    1    0    0    1    6    0    5    3    3    4    3    3    6    6    3    5    270000         0    450000
0           814     3401500    5    0    0    0    0    2    0    0    1    0    0    1    0    0    1    6    0    5    3    3    4    3    3    6    6    3    6    250000         0    470000
0           958     3341500    5    0    0    0    0    2    0    0    1    0    0    1    0    0    1    6    0    5    3    3    4    3    3    6    6    3    4    460000         0    260000
0          1120     2521500    5    0    0    0    0    2    0    0    1    0    0    1    5    0    1    6    0    5    3    3    4    3    3    6    6    3    4    370000         0    250000
0          1277     2323500    5    0    0    0    0    2    0    0    1    0    0    1    5    0    1    6    0    6    3    3    4    3    3    6    6    3    4    360000         0    234000
0          1428     1521500    5    0    0    0    0    2    0    0    1    0    0    1    5    0    5    6    0    6    3    3    4    3    3    6    6    3    4    250000         0    250000
0          1596     1316500    5    0    0    0    0    2    0    0    6    0    0    1    5    0    5    6    0    6    3    3    4    3    3    6    6    3    4    235000         0    250000
0          1764     1256500    5    0    3    0    0    2    0    0    6    0    0    1    5    0    5    6    0    6    3    3    4    3    3    6    6    3    4    235000         0    250000
0          1922      929000    5    0    3    0    0    2    0    0    6    0    0    1    5    0    5    6    0    6    3    3    4    3    3    6    5    3    4    146250         0    281250
0          2083      599000    5    0    3    0    0    2    6    0    6    0    0    1    5    0    5    6    0    6    3    3    4    3    3    6    5    3    4    167500         0    255000
0          3355      596500    5    6    3    0    1    2    6    0    6    0    2    1    5    6    5    6    0    6    3    3    4    3    2    6    5    5    4    170000      5000    250000
0          3506      592750    5    6    3    0    1    2    6    0    6    0    2    1    5    6    5    6    0    6    3    2    4    3    2    6    5    5    4    168750      2500    252500
0          3663      589000    5    6    3    0    1    2    6    0    6    0    2    1    5    6    5    6    0    6    3    2    4    3    6    6    5    5    4    167500      5000    250000
0          3818      579000    5    6    3    0    1    2    6    0    6    0    2    1    5    6    5    6    5    6    3    2    4    3    6    6    5    5    4    167500      5000    250000
0          3974      539000    5    6    3    0    1    2    6    0    6    0    4    1    5    6    5    6    5    6    3    2    4    3    6    6    5    5    4    137500     50000    225000
0          4140       72500    5    6    3    0    1    2    6    5    6    0    4    1    5    6    5    6    5    6    3    2    4    3    6    6    5    5    4    137500     56250    218750
0         18603       55000    5    6    3    0    5    2    6    5    5    0    6    1    5    6    6    6    3    6    3    5    4    3    5    6    5    5    4    125000     35000    250000
0         18772       55000    5    6    3    0    5    2    6    5    5    0    6    1    5    6    6    6    6    6    3    5    4    3    5    6    5    5    4    125000     35000    250000
2          9427       55000    5    6    3    0    5    2    6    5    5    0    6    1    5    6    6    6    6    6    3    5    4    3    5    6    5    5    4    125000     35000    250000
0            70     9649500    5    0    0    0    0    1    0    0    1    6    0    1    3    0    1    3    2    1    3    3    6    3    3    1    3    3    4    720000    234000    450000
0           212     7491500    5    0    0    0    0    1    0    0    1    6    0    1    3    0    1    3    2    1    3    3    6    3    3    2    3    3    4    720000         0    450000
0           365     5831500    5    0    0    0    0    1    0    0    1    6    0    1    3    0    1    3    2    5    3    3    6    3    3    2    3    3    4    100000         0    890000
0           527     5499500    5    0    0    0    0    1    0    0    1    6    0    1    3    0    1    3    2    5    3    3    6    3    3    6    3    3    4         0    234000    720000
0           690     3544500    5    0    0    0    0    1    0    0    1    6    0    1    3    0    5    3    2    5    3    3    6    3    3    6    3    3    4         0    234000    495000
0           833     3009500    5    0    0    0    0    1    0    0    1    6    0    6    3    0    5    3    2    5    3    3    6    3    3    6    3    3    4         0    234000    450000
0           973     1951500    5    0    0    0    0    1    0    0    1    6    0    6    3    0    5    3    2    5    3    3    2    3    3    6    3    3    4    100000         0    450000
0          1129     1826500    5    0    0    0    0    4    0    0    1    6    0    6    3    0    5    3    2    5    3    3    2    3    3    6    3    3    4    100000         0    445000
0          1285     1376500    5    0    0    0    0    4    0    0    1    6    0    6    6    0    5    3    2    5    3    3    2    3    3    6    3    3    4    125000         0    370000
0          1439      664000    5    0    6    0    0    4    0    0    1    6    0    6    6    0    5    3    2    5    3    3    2    3    3    6    3    3    4    125000         0    297500
0          5993      621500    5    2    6    0    0    4    5    0    1    6    0    6    6    0    5    3    2    5    3    3    2    3    3    6    3    3    4    145000     20000    255000
0          6151      620250    5    2    6    0    0    4    5    0    1    6    0    6    6    0    5    3    2    5    3    3    2    1    3    6    3    3    4    150000     18750    250000
0          6309      576500    5    2    6    0    0    4    5    0    1    6    0    6    6    0    5    3    2    5    3    3    2    1    6    6    3    3    4    150000     25000    250000
0          6470      526500    5    6    6    0    0    4    5    0    1    6    0    6    6    0    5    3    2    5    3    3    2    1    6    6    3    3    4    150000     25000    250000
0          6816      252500    5    6    6    0    0    4    5    1    1    6    0    6    6    0    5    3    2    5    3    3    2    3    6    6    3    3    4    120000     35000    245500
0          6978      164500    5    6    6    0    0    4    5    1    1    6    0    6    6    0    5    3    2    5    3    3    2    3    6    6    3    0    4    130000     30000    250500
0          7145      160750    5    6    6    0    0    4    5    1    1    6    0    6    6    0    5    3    2    5    3    4    2    3    6    6    3    0    4    137500     28125    252375
0          7308      127000    5    6    6    0    0    4    5    1    1    6    0    6    6    0    5    3    2    5    3    0    2    3    6    6    3    0    4    137500     22500    258000
0          7469      104500    5    6    6    0    0    4    5    1    1    6    0    6    6    0    5    3    2    5    3    0    2    3    6    6    3    5    4    134000     29000    251500
0          7640       76250    5    6    6    0    0    4    5    5    1    6    0    6    6    0    5    3    2    5    3    0    2    3    6    6    3    5    4    125000     31250    250000
0          7796       74000    5    6    6    0    0    4    5    5    1    6    0    6    6    0    5    3    2    5    3    0    2    3    6    6    3    0    4    125000     25000    261000
0          7948       72500    5    6    6    0    0    4    5    5    1    6    0    6    6    0    5    3    4    5    3    0    2    3    6    6    3    0    4    125000     25000    262500
0          8111       60000    5    6    6    0    0    4    5    5    1    6    0    6    6    0    5    3    5    5    3    0    2    3    6    6    3    0    4    125000     25000    255000
0         16974       60000    5    6    6    3    0    4    5    5    1    6    0    6    6    3    5    3    5    5    3    0    2    3    6    6    3    0    4     87500     62500    255000
0         21726       58750    5    6    6    3    0    4    5    3    1    6    0    6    6    3    5    3    6    5    5    0    2    3    6    6    3    0    4     93750     62500    250000
3         10902       58750    5    6    6    3    0    4    5    3    1    6    0    6    6    3    5    3    6    5    5    0    2    3    6    6    3    0    4     93750     62500    250000
0            66     5971500    5    0    0    0    0    0    6    0    1    3    0    1    3    0    1    3    0    2    3    3    4    3    3    6    3    3    4    730000         0    260000
0           213     4031527    5    0    0    0    0    0    6    0    1    3    0    1    3    0    1    3    0    2    3    3    4    3    3    6    3    3    5     83333         0    906666
0           377     3661500    5    0    0    0    0    0    6    0    1    3    0    1    3    0    1    3    0    2    3    3    4    6    3    6    3    3    5    270000         0    450000
0           537     3341500    5    0    0    0    0    0    6    0    1    3    0    1    3    0    6    3    0    2    3    3    4    6    3    6    3    3    5    100000         0    620000
0           683     2226500    5    0    0    0    0    0    6    0    1    3    0    1    3    0    6    3    0    2    3    3    4    6    3    6    5    3    5    135000         0    450000
0           828     1964000    5    0    0    0    0    0    6    0    5    3    0    1    3    0    6    3    0    2    3    3    4    6    3    6    5    3    5    112500         0    450000
0           971     1516500    5    0    0    0    0    0    6    0    4    3    0    1    3    0    6    3    0    2    3    3    4    6    3    6    5    3    5    235000         0    260000
0          1114     1376500    5    0    5    0    0    0    6    0    4    3    0    1    3    0    6    3    0    2    3    3    4    6    3    6    5    3    5    125000         0    370000
0          1265     1256500    5    0    6    0    0    0    6    0    4    3    0    1    3    0    6    3    0    2    3    3    4    6    3    6    5    3    5    235000         0    250000
0          1423      929000    5    0    6    0    0    0    6    0    4    3    0    1    3    0    6    3    0    2    3    3    4    5    3    6    5    3    5    146250         0    281250
0          1579      891500    5    0    6    0    0    0    6    0    4    3    0    1    3    0    6    3    0    2    5    3    4    5    3    6    5    3    5    150000         0    280000
0          1726      745500    5    0    6    0    0    0    6    0    4    3    0    1    3    0    6    3    0    2    5    3    4    5    3    6    5    3    6    180000         0    234000
0          2031       51000    5    4    6    0    0    5    6    0    4    3    0    1    3    0    6    3    0    2    5    3    4    5    3    6    5    3    6    140000     22000    240000
0          2347       47500    5    4    6    0    0    5    6    0    4    3    0    1    3    2    6    3    0    2    5    1    4    5    3    6    5    3    6    150000     25000    237500
4          1213       47500    5    4    6    0    0    5    6    0    4    3    0    1    3    2    6    3    0    2    5    1    4    5    3    6    5    3    6    150000     25000    237500
0            66    10121500    2    4    5    6    0    1    0    0    1    0    0    1    0    0    1    0    3    3    1    3    3    3    3    3    3    3    6    260000    450000    730000
0           201     9981500    2    4    5    6    0    1    0    0    1    0    0    1    0    0    1    0    3    3    1    3    3    3    3    5    3    3    6    590000    450000    400000
0           337     5971500    2    4    5    6    0    1    0    0    1    0    0    1    0    0    1    0    3    3    1    3    3    3    3    4    3    3    6    234000         0    756000
0           477     5499500    2    4    5    6    0    1    0    0    1    0    0    1    0    0    1    0    3    3    1    3    6    3    3    4    3    3    6    234000         0    720000
0           636     4454000    2    4    5    6    0    1    0    0    1    0    0    1    0    0    1    0    3    2    1    3    6    3    3    4    3    3    6         0    112500    720000
0           809     3009500    2    4    5    6    0    1    0    0    1    0    0    1    0    0    1    0    3    5    1    3    6    3    3    4    3    3    6    234000      8000    442000
0           977     2489000    2    4    5    6    0    1    0    0    1    0    0    2    0    0    1    0    3    5    1    3    6    3    3    4    3    3    6         0    112500    495000
0          1141     1730250    2    4    5    6    0    1    0    0    1    0    0    2    0    0    3    0    3    5    1    3    6    3    3    4    3    3    6     62500         0    463750
0          1310      901500    2    4    5    6    0    6    0    0    1    0    0    2    0    0    3    0    3    5    1    3    6    3    3    4    3    3    6         0     62500    387500
0          1469      851500    2    4    5    6    0    6    0    0    1    0    0    2    0    0    3    0    3    5    1    3    6    3    3    4    3    5    6         0     62500    387500
0          1631      851500    2    4    5    6    0    6    0    0    1    0    0    2    0    0    3    0    3    5    3    3    6    3    3    4    3    5    6         0     62500    387500
0          2131      711500    2    4    5    6    0    6    0    0    1    2    4    2    0    0    3    0    3    5    3    3    6    3    3    4    3    5    6      5000     70000    365000
0          2292      701500    2    4    5    6    0    6    0    0    1    6    4    2    0    0    3    0    3    5    3    3    6    3    3    4    3    5    6      6250     68750    362500
0          2454      681500    2    4    5    6    0    6    0    0    1    6    4    2    0    0    3    0    3    5    3    3    6    3    3    4    0    5    6     10000     70000    360000
0          2614      626500    2    4    5    6    0    6    0    0    1    6    4    2    0    0    3    0    4    5    3    3    6    3    3    4    0    5    6     25000     50000    350000
0          2768      602750    2    4    5    6    5    6    0    0    1    6    4    2    0    0    3    0    4    5    3    3    6    3    3    4    0    5    6     36250     52500    342500
0          3077      599500    2    4    5    6    5    6    0    0    1    6    4    2    0    5    3    0    4    5    3    3    6    3    4    4    0    5    6     52000     42000    332000
0          3237      224000    2    4    5    6    5    6    0    0    1    6    4    2    0    5    3    0    4    5    3    3    6    3    4    6    0    5    6     37000    127000    249000
0          3391      198000    2    4    5    6    5    6    0    6    1    6    4    2    0    5    3    0    4    5    3    3    6    3    4    6    0    5    6     56500    125000    229500
0          3540      129500    2    4    5    6    5    6    0    6    1    1    4    2    0    5    3    0    4    5    3    3    6    3    4    6    0    5    6     62500    125000    218000
0          3995      129500    2    4    5    6    5    6    0    6    1    1    0    2    4    5    3    0    4    5    3    3    6    3    4    6    4    5    6     62500    125000    218000
0          8537      122500    2    4    5    4    5    6    0    6    1    1    0    2    4    5    3    0    4    5    3    3    6    3    6    6    4    5    6     71500    132000    209000
0          8692       77500    2    4    5    4    5    6    0    6    1    1    0    2    4    5    3    6    4    5    3    3    6    3    6    6    4    5    6     80000    145000    182500
0          8856       55000    2    4    5    4    5    6    0    6    1    1    0    2    4    5    3    6    4    5    3    3    6    3    6    6    6    5    6     90000    160000    160000
5          4468       55000    2    4    5    4    5    6    0    6    1    1    0    2    4    5    3    6    4    5    3    3    6    3    6    6    6    5    6     90000    160000    160000
0            69     8016500    5    6    1    0    0    1    0    0    1    0    0    1    0    1    1    1    2    1    4    3    1    3    3    3    3    6    3    720000    495000         0
0           199     6531500    5    6    1    0    0    1    0    0    1    0    0    1    0    1    1    1    2    1    4    3    1    3    6    3    3    6    3    720000    330000         0
0           330     5526500    5    6    1    0    0    1    0    0    1    0    0    1    0    1    1    1    2    1    4    3    1    3    6    3    3    5    3    450000    495000         0
0           475     4031527    5    6    1    0    0    1    0    0    1    0    0    1    0    4    1    1    2    1    4    3    1    3    6    3    3    5    3    170000    550000     12142
0           631     3341500    5    6    1    0    0    1    0    0    1    0    0    1    0    4    1    1    2    5    4    3    1    3    6    3    3    5    3         0    677500     42500
0           799     2551500    5    6    1    0    0    5    0    0    1    0    0    1    0    4    1    1    2    5    4    3    1    3    6    3    3    5    3         0    500000    110000
0           962     2549000    5    6    1    0    0    5    0    0    1    0    0    1    0    4    1    1    2    5    4    3    4    3    6    3    3    5    3         0    495000    112500
0          1112     2211500    5    6    1    0    0    5    0    0    1    0    0    1    0    4    1    1    2    5    4    3    4    3    6    3    3    5    6         0    420000    150000
0          1267     2041500    5    6    1    0    0    5    0    0    1    0    0    1    0    4    1    1    2    5    4    3    5    3    6    3    3    5    6         0    450000     90000
0          1418     1951500    5    6    1    0    0    5    0    0    1    0    0    1    0    4    1    1    2    5    4    3    5    3    6    6    3    5    6         0    450000    100000
0          1556     1926500    5    6    1    0    0    5    0    0    1    0    0    1    0    4    1    1    2    5    4    3    5    3    6    6    3    5    5         0    500000     75000
0          1705     1786500    5    6    1    0    0    5    0    0    1    0    0    1    0    4    6    1    2    5    4    3    5    3    6    6    3    5    5         0    460000     85000
0          1869     1761500    5    6    1    0    0    5    0    0    1    0    0    6    0    4    6    1    2    5    4    3    5    3    6    6    3    5    5     50000    400000    100000
0          2035     1685250    5    6    1    0    0    5    0    0    1    0    0    6    0    4    6    1    2    5    4    3    5    3    6    6    3    4    5     95000    260000    176250
0          2196     1295500    5    6    1    0    0    5    0    0    1    0    0    6    0    4    6    1    2    5    4    3    5    3    6    6    3    4    3         0    234000    240000
0          2359      871500    5    6    1    0    0    5    0    0    1    0    5    6    0    4    6    1    2    5    4    3    5    3    6    6    3    4    3         0    250000    200000
0          2510      871500    5    6    1    0    0    5    0    0    1    0    5    6    0    4    6    2    2    5    4    3    5    3    6    6    3    4    3         0    250000    200000
0          2652      859000    5    6    1    0    0    5    0    0    1    0    5    6    0    4    6    2    2    5    3    3    5    3    6    6    3    4    3      6250    250000    181250
0          2814      851500    5    6    1    0    0    5    0    2    1    0    5    6    0    4    6    2    2    5    3    3    5    3    6    6    3    4    3         0    250000    200000
0          3999      794500    3    6    3    0    2    5    0    2    1    0    5    6    0    4    6    0    0    5    3    3    4    5    6    6    3    4    3     24000    130000    283000
0          4153      285000    3    6    3    0    2    5    0    2    1    0    5    6    0    4    6    0    0    5    3    3    4    5    6    6    3    4    5     25000    135000    240000
0          4312      245000    3    6    3    0    2    5    0    2    1    0    5    6    0    4    6    0    0    5    3    3    4    1    6    6    3    4    5     24000    130000    248000
0          4473       65000    3    6    3    0    2    5    0    2    1    0    5    6    0    4    6    0    6    5    3    3    4    1    6    6    3    4    5     50000    140000    220000
6          2279       65000    3    6    3    0    2    5    0    2    1    0    5    6    0    4    6    0    6    5    3    3    4    1    6    6    3    4    5     50000    140000    220000
0            70     5971500    2    0    4    0    0    5    0    0    1    0    0    1    0    0    1    0    0    1    6    3    1    3    3    3    3    3    6    234000         0    756000
0           206     5563500    2    0    4    0    0    5    0    0    1    0    0    1    0    0    1    0    0    1    6    3    1    3    3    6    3    3    6    234000         0    720000
0           346     3073500    2    0    4    0    0    5    0    0    1    0    0    1    0    0    1    0    0    1    6    3    5    3    3    6    3    3    6    234000         0    450000
0           486     2633500    2    0    4    0    0    5    0    0    1    0    0    1    0    0    4    0    0    1    6    3    5    3    3    6    3    3    6    234000         0    378000
0           636     2323500    2    0    4    0    0    5    0    0    1    0    0    1    0    0    4    0    0    6    6    3    5    3    3    6    3    3    6    234000         0    360000
0           798     2259500    2    0    4    0    0    5    0    0    1    0    0    3    0    0    4    0    0    6    6    3    5    3    3    6    3    3    6    234000         0    360000
0           948     1440500    2    0    4    0    0    5    0    0    1    0    0    3    0    0    4    0    0    6    6    3    5    3    3    6    5    3    6    234000         0    283000
0          1084     1283500    2    0    4    0    0    5    0    0    1    0    0    3    0    0    4    6    0    6    6    3    5    3    3    6    5    3    6    234000         0    250000
0          1215     1131000    2    0    4    0    0    5    5    0    1    0    0    3    0    0    4    6    0    6    6    3    5    3    3    6    5    3    6    234000         0    229500
0          1355     1049000    2    0    4    0    0    5    5    0    1    0    0    3    4    0    4    6    0    6    6    3    5    3    3    6    5    3    6    234000         0    229500
0          1513     1026500    2    0    4    0    0    5    5    0    1    0    0    3    4    0    4    6    0    6    6    3    1    3    3    6    5    3    6    325000         0    150000
0          1675     1006500    2    0    4    0    0    5    5    0    1    0    0    3    4    0    6    6    0    6    6    3    1    3    3    6    5    3    6    322500         0    127500
0          1835     1006000    2    0    4    0    0    5    5    0    1    0    0    3    4    0    6    5    0    6    6    3    1    3    3    6    5    3    6    234000         0    216500
0          1995      951500    2    0    4    0    0    5    5    0    1    0    0    3    4    0    6    5    0    6    2    3    1    3    3    6    5    3    6    175000         0    275000
0          2323      851500    2    0    4    0    2    5    5    0    4    0    0    3    4    0    6    5    0    6    2    3    1    3    3    6    5    3    6    175000         0    275000
0          2943      851500    2    2    4    0    2    5    5    0    4    0    0    3    2    2    6    5    0    6    2    3    1    3    3    6    5    5    6    175000         0    275000
0          3240      626500    2    2    4    0    2    5    5    4    4    0    0    3    2    2    6    5    0    6    5    3    1    3    3    6    5    5    6    125000     25000    275000
0          3389      260000    2    2    4    0    3    5    5    4    4    0    0    3    2    2    6    5    0    6    5    3    1    3    3    6    5    5    6    112500     25000    262500
0          3543      225000    2    2    4    0    3    5    5    4    4    0    0    3    2    2    6    5    0    6    5    3    1    3    3    6    5    3    6    122500     15000    267500
0          3712      186200    2    2    4    0    3    5    5    4    4    0    6    3    2    2    6    5    0    6    5    3    1    3    3    6    5    3    6    130200     12800    268600
0          3875      158000    2    2    4    0    3    5    5    4    4    0    6    3    2    2    6    5    6    6    5    3    1    3    3    6    5    3    6    125000     18000    266000
0          4027      158000    2    2    4    0    3    5    5    4    4    0    6    3    2    2    6    5    5    6    5    3    1    3    3    6    5    3    6    125000     18000    266000
0          4174      122000    2    2    4    0    3    5    5    6    4    0    6    3    2    2    6    5    5    6    5    3    1    3    3    6    5    3    6    125000     18000    266000
0          4329      104750    2    2    4    0    3    5    5    6    4    0    6    3    2    1    6    5    5    6    5    3    1    3    3    6    5    3    6    127750     30500    250000
0          4493       88500    2    5    4    0    3    5    5    6    4    0    6    3    2    1    6    5    5    6    5    3    1    3    3    6    5    3    6    125000     30500    250000
0          4648       44625    2    5    4    0    3    5    5    6    4    0    6    3    2    1    6    5    6    6    5    3    1    3    3    6    5    3    6    129875     29875    250625
0          4797       35000    2    5    4    0    3    5    5    6    4    0    6    3    2    6    6    5    6    6    5    3    1    3    3    6    5    3    6    130000     30000    250000
7          2437       35000    2    5    4    0    3    5    5    6    4    0    6    3    2    6    6    5    6    6    5    3    1    3    3    6    5    3    6    130000     30000    250000
0            61     9649500    4    0    5    0    0    6    0    0    1    0    0    1    0    2    3    0    3    3    3    3    3    3    3    3    3    3    6    450000    234000    720000
0           197     7989500    4    0    5    0    0    6    0    0    1    0    0    1    0    2    3    0    3    3    3    3    3    3    3    3    3    3    4         0    234000    990000
0           349     6281500    4    0    5    0    0    6    0    0    1    0    0    1    0    2    3    0    3    3    3    3    2    3    3    3    3    3    4     50000         0    990000
0           495     5831500    4    0    5    0    0    6    0    0    1    0    0    1    0    2    3    0    3    3    3    3    2    3    3    0    3    3    4         0         0    990000
0           636     5499500    4    0    5    0    0    6    0    0    1    0    0    1    0    2    3    0    3    3    3    3    6    3    3    0    3    3    4         0    234000    720000
0           779     3544500    4    0    5    0    0    6    0    0    1    0    0    1    0    2    3    0    3    3    3    3    6    3    3    5    3    3    4         0    234000    495000
0           915     3534500    4    0    5    0    0    6    0    0    1    0    0    1    0    2    3    0    3    4    3    3    6    3    3    5    3    3    4         0    234000    495000
0          1048     3009500    4    0    5    0    0    6    0    0    1    0    0    1    0    2    3    0    3    4    3    3    6    3    3    5    3    3    6         0    234000    450000
0          1179      851500    4    0    5    0    0    6    0    0    2    0    0    1    0    2    3    0    3    4    3    3    6    3    3    5    3    3    6     50000         0    400000
0          1791      851500    4    3    5    0    0    6    5    0    2    0    0    1    0    1    3    0    3    4    3    3    6    2    3    5    3    3    6     62500         0    387500
0          1957      714000    4    3    5    0    0    6    5    0    2    4    0    1    0    1    3    0    3    4    3    3    6    2    3    5    3    3    6     75000         0    362500
0          2127      711500    4    3    5    0    0    6    5    0    2    4    0    1    0    1    3    0    3    4    3    3    6    2    6    5    3    3    6     70000      5000    365000
0          3090      676500    4    3    5    0    4    6    5    0    2    5    0    1    0    1    3    0    3    4    3    4    6    0    6    5    3    2    6     45000     35000    355000
0          4037      605250    6    6    5    0    4    6    5    0    2    5    0    1    4    4    3    3    3    4    4    4    6    0    6    5    3    2    6    108750      3750    291250
0          4178      229500    6    6    5    0    4    6    5    0    2    5    0    1    4    4    3    3    3    4    4    4    6    0    6    5    3    6    6    113250     11750    280500
0          4318      207000    6    6    5    0    4    6    5    0    2    5    0    1    4    4    3    3    3    4    4    0    6    0    6    5    3    6    6    102000     15500    280500
0          4461      162500    6    6    5    0    4    6    5    0    2    5    0    1    4    4    3    3    3    4    4    6    6    0    6    5    3    6    6     88500     42500    280500
0          4594      158750    6    6    5    0    4    6    5    0    2    5    0    1    4    4    3    3    3    4    4    6    6    0    5    5    3    6    6     72875     61875    280500
0          4721      117000    6    6    5    0    4    6    5    0    2    5    0    1    4    5    3    3    3    4    4    6    6    0    5    5    3    6    6     77000     60500    280500
0          4859       77500    6    6    5    0    4    6    5    0    2    5    0    1    4    6    3    3    3    4    4    6    6    0    5    5    3    6    6     88500     42500    280500
0         14636       65000    1    6    5    0    4    0    5    5    5    5    2    1    4    6    3    3    3    1    4    6    6    0    5    1    3    6    6    100000    250000     50000
0         23647       61500    1    6    5    0    4    0    3    5    5    5    2    1    4    6    3    4    3    1    4    6    5    0    5    1    3    6    6     88500    259000     64000
8         11859       61500    1    6    5    0    4    0    3    5    5    5    2    1    4    6    3    4    3    1    4    6    5    0    5    1    3    6    6     88500    259000     64000
0            61     5499500    2    0    0    0    0    4    0    0    6    0    0    1    0    0    1    0    0    5    0    3    3    3    3    6    3    3    3    234000         0    720000
0           182     3341500    2    0    0    0    0    4    0    0    6    0    0    1    0    0    2    0    0    5    0    3    3    3    3    6    3    3    3         0         0    720000
0           425     1396500    2    0    0    0    0    4    0    0    6    0    0    1    6    0    2    0    0    5    0    3    5    3    3    6    3    3    3         0         0    495000
0           853     1391500    2    0    0    3    0    4    2    0    6    0    0    1    6    0    2    0    0    5    6    3    5    3    3    6    3    3    3      2500         0    492500
0           994     1341500    2    0    0    3    0    4    2    0    6    0    0    1    6    0    2    0    0    5    6    3    5    6    3    6    3    3    3     30000         0    450000
0          1140     1301500    2    0    0    3    0    4    2    0    6    0    0    1    6    0    2    0    0    5    6    3    5    6    3    6    6    3    3     50000         0    450000
0          1282     1201500    2    0    0    3    0    4    2    0    6    0    0    1    6    0    2    0    0    5    4    3    5    6    3    6    6    3    3    100000         0    400000
0          1425     1076500    2    0    6    3    0    4    2    0    6    0    0    1    6    0    2    0    0    5    4    3    5    6    3    6    6    3    3     50000     25000    400000
0          1582      851500    2    0    6    3    0    4    2    0    6    0    0    1    6    4    2    0    0    5    4    3    5    6    3    6    6    3    3         0     50000    400000
0          1902      851500    2    0    6    3    0    4    2    0    6    6    0    1    6    4    2    0    0    5    4    3    5    6    1    6    6    3    3         0     50000    400000
0          6416      761500    2    0    6    3    0    4    4    0    6    6    0    1    6    4    2    0    0    5    4    3    5    6    5    6    6    3    3     10000     60000    370000
0          6744      659500    2    2    5    3    0    4    4    0    6    6    0    1    6    4    2    0    0    5    4    3    5    6    5    6    6    3    3    146000     26000    258000
0          6898      636500    2    2    5    3    0    4    4    0    6    6    0    1    6    5    2    0    0    5    4    3    5    6    5    6    6    3    3    150000     25000    250000
0          7052      607500    2    2    5    3    0    4    4    0    6    6    0    1    6    5    2    0    0    5    4    3    5    6    3    6    6    3    3    146000     26000    258000
0          7530      226250    2    2    5    3    0    4    4    0    6    6    0    1    6    5    6    5    0    5    4    2    5    6    3    6    6    3    3    110250     62500    229500
0         11947      209000    2    2    5    3    0    4    4    0    6    6    0    1    6    5    6    5    0    5    4    1    5    6    3    6    6    3    3    165250     68750    183000
0         12263      142000    2    0    5    3    0    4    4    0    6    6    0    1    6    5    6    5    0    5    4    1    5    6    3    6    2    3    3    143000     50000    214000
0         12437      129000    2    0    5    3    0    4    4    0    6    6    0    1    6    5    6    5    0    5    4    3    5    6    3    6    2    3    3    134000     50000    232000
0         12590      114500    2    0    5    3    0    4    4    0    6    6    0    1    6    4    6    5    0    5    4    3    5    6    3    6    2    3    3    130000     50000    229500
0         13060      108250    2    0    5    3    0    4    4    0    6    6    0    1    6    4    6    6    3    5    4    3    5    6    3    6    2    2    3     85750     62500    255000
0         17767       62000    2    0    5    3    0    4    4    0    6    6    4    1    6    6    6    6    3    5    4    3    5    0    3    6    2    2    3     97000     51000    255000
0         18983       61000    4    0    5    3    2    6    4    0    4    6    4    1    6    6    6    6    6    5    4    3    5    0    3    6    2    2    3     48000    101000    255000
9          9530       61000    4    0    5    3    2    6    4    0    4    6    4    1    6    6    6    6    6    5    4    3    5    0    3    6    2    2    3     48000    101000    255000
0            70     5831500    6    0    0    0    0    1    0    0    1    0    0    1    3    0    6    3    3    1    3    3    2    3    3    5    3    3    4    100000         0    890000
0           215     4241500    6    0    0    0    0    1    0    0    6    0    0    1    3    0    6    3    3    1    3    3    2    3    3    5    3    3    4    100000         0    720000
0           363     1951500    6    0    0    0    0    1    0    0    6    0    0    1    3    0    6    3    3    5    3    3    2    3    3    5    3    3    4    100000         0    450000
0           513     1751500    6    0    0    0    0    1    0    0    6    0    0    6    3    0    6    3    3    5    3    3    2    3    3    5    3    3    4    100000         0    450000
0           657     1001500    6    0    4    0    0    1    0    0    6    0    0    6    3    0    6    3    3    5    3    3    2    3    3    5    3    3    4    100000         0    360000
0           798      801500    6    0    4    0    0    1    0    0    6    0    0    6    3    0    6    3    3    5    3    3    2    5    3    5    3    3    4    125000         0    325000
0           950      664000    6    0    4    0    0    1    0    0    6    6    0    6    3    0    6    3    3    5    3    3    2    5    3    5    3    3    4    125000         0    297500
0          1107      222500    6    0    4    5    0    1    0    0    6    6    0    6    3    0    6    3    3    5    3    3    2    5    3    5    3    3    4    115625     21875    275000
0          1412      101250    6    0    4    5    0    1    0    2    6    6    0    6    6    0    6    3    3    5    3    3    2    5    3    5    3    3    4    125000     31250    250000
0          1563       58750    6    0    4    5    0    1    0    5    6    6    0    6    6    0    6    3    3    5    3    3    2    5    3    5    3    3    4    125000     31250    250000
0         10515       55625    6    0    3    5    0    1    0    5    6    6    0    6    6    0    6    4    3    5    3    3    2    5    3    5    4    3    4    122500     31875    255000
10          5293       55625    6    0    3    5    0    1    0    5    6    6    0    6    6    0    6    4    3    5    3    3    2    5    3    5    4    3    4    122500     31875    255000
0            74     7989500    4    0    6    0    0    1    0    0    1    0    0    1    0    2    5    0    3    3    3    3    3    3    3    3    3    3    4         0    234000    990000
0           214     5499500    4    0    6    0    0    1    0    0    1    0    0    1    0    2    5    0    3    3    3    3    6    3    3    3    3    3    4         0    234000    720000
0           353     3544500    4    0    6    0    0    1    0    0    1    0    0    1    0    2    5    0    3    3    3    3    6    3    3    5    3    3    4         0    234000    495000
0           511     3534500    4    0    6    0    0    1    0    0    1    0    0    1    0    2    5    0    3    4    3    3    6    3    3    5    3    3    4         0    234000    495000
0           686     2499000    4    0    6    0    0    1    0    0    1    0    0    1    0    2    5    0    3    4    3    3    6    3    3    5    3    3    2         0    112500    495000
0           853     1826500    4    0    6    0    0    1    0    0    3    0    0    1    0    2    5    0    3    4    3    3    6    3    3    5    3    3    2     50000         0    495000
0          1009      851500    4    0    6    0    0    6    0    0    3    0    0    1    0    2    5    0    3    4    3    3    6    3    3    5    3    3    2     50000         0    400000
0          1292      724000    4    0    6    0    0    6    0    0    3    0    0    1    0    2    5    4    3    4    3    3    6    6    3    5    3    3    2     62500         0    360000
0          1439      717000    4    0    6    0    0    6    0    0    3    0    0    1    0    2    5    4    3    4    3    3    6    6    5    5    3    3    2     48500     14000    353000
0          1595      713375    4    0    6    0    0    6    0    0    3    0    0    1    0    2    5    4    3    4    3    3    6    6    5    5    3    5    2     51875     10625    349375
0          1751      711500    4    0    6    0    0    6    0    0    3    0    0    1    0    0    5    4    3    4    3    3    6    6    5    5    3    5    2     50000     10000    350000
0          1899      621500    4    0    6    0    0    6    0    0    3    4    0    1    0    0    5    4    3    4    3    3    6    6    5    5    3    5    2     50000     20000    350000
0          2175      571500    4    0    6    0    0    6    0    0    3    4    0    1    0    0    5    5    1    4    3    3    6    6    5    5    3    5    2     80000      2000    340000
0          2333      567125    4    0    6    0    0    6    0    0    3    4    0    1    0    0    5    5    5    4    3    3    6    6    5    5    3    5    2     78125      3125    340625
0          2499      531500    4    0    6    0    0    6    6    0    3    4    0    1    0    0    5    5    5    4    3    3    6    6    5    5    3    5    2    100000     10000    300000
0          2659      238500    4    0    6    0    0    6    6    0    3    4    0    1    0    6    5    5    5    4    3    3    6    6    5    5    3    5    2     94500     21500    280500
0          2807      169875    4    0    6    0    4    6    6    0    3    4    0    1    0    6    5    5    5    4    3    3    6    6    5    5    3    5    2     95875     27750    280500
0          2943      158750    4    0    6    0    4    6    6    0    3    4    4    1    0    6    5    5    5    4    3    3    6    6    5    5    3    5    2     84750     50000    280500
0          3086      122500    4    0    6    0    4    6    6    6    3    4    4    1    0    6    5    5    5    4    3    3    6    6    5    5    3    5    2     87500     50000    275000
0          4415      117000    5    2    6    0    6    6    4    6    3    4    1    1    0    6    5    5    5    4    3    6    6    6    5    5    3    6    2    137500     60500    220000
0          4585       77500    5    2    6    0    6    6    4    6    3    4    1    1    0    6    5    5    6    4    3    6    6    6    5    5    3    6    2    131000     42500    238000
0         17491       45000    5    2    6    0    6    6    4    6    3    4    6    1    0    6    5    5    6    4    3    6    6    6    5    5    3    6    2    125000     30000    255000
11          8789       45000    5    2    6    0    6    6    4    6    3    4    6    1    0    6    5    5    6    4    3    6    6    6    5    5    3    6    2    125000     30000    255000
0            77     5499500    0    0    0    0    0    0    2    0    6    3    0    1    3    0    1    3    3    6    3    3    1    3    3    5    3    3    4    234000         0    720000
0           224     3544500    0    0    0    0    0    0    2    0    6    3    0    1    3    0    1    3    3    6    3    3    5    3    3    5    3    3    4    234000         0    495000
0           377     3534500    0    0    0    0    0    0    2    0    6    3    0    1    3    0    4    3    3    6    3    3    5    3    3    5    3    3    4    234000         0    495000
0           533     2481500    0    0    0    0    0    0    2    0    6    3    0    1    3    0    4    3    3    6    3    3    5    2    3    5    3    3    4    117000         0    495000
0           691     1956500    0    0    0    0    0    0    2    0    6    3    0    1    3    0    6    3    3    6    3    3    5    2    3    5    3    3    4    117000         0    450000
0           850     1751500    0    0    0    0    0    2    2    0    6    3    0    1    3    0    6    3    3    6    3    3    5    2    3    5    3    3    4    100000         0    450000
0          1002     1395500    0    0    0    0    0    2    2    0    3    3    0    1    3    0    6    3    3    6    3    3    5    2    3    5    3    3    4      1000         0    495000
0          1157     1301500    0    0    6    0    0    2    2    0    3    3    0    1    3    0    6    3    3    6    3    3    5    2    3    5    3    3    4         0     50000    450000
0          1305      851500    0    0    6    0    0    2    2    0    3    3    0    1    3    0    6    3    3    6    3    3    5    2    4    5    3    3    4         0     50000    400000
0          1762      851500    1    0    6    0    0    2    2    0    3    2    0    1    3    0    6    3    3    6    3    3    5    4    4    5    3    3    4         0     50000    400000
0          1934      851500    1    0    6    0    0    2    2    0    3    1    0    1    3    0    6    3    3    6    3    3    5    4    4    5    3    3    4         0     50000    400000
0          2434      714000    1    0    6    0    0    2    5    5    3    1    0    1    3    4    6    3    3    6    3    3    5    4    4    5    3    3    4         0     75000    362500
0          6931      714000    3    0    6    0    0    2    5    5    3    1    0    1    3    4    6    3    3    6    3    3    5    3    4    5    3    3    4         0     75000    362500
0          7663      650250    3    0    6    0    0    2    1    5    3    0    0    1    3    4    6    3    5    6    4    3    5    3    4    5    4    3    4      1250     82500    330000
0          7818      626500    3    0    6    0    0    2    1    5    3    0    0    1    3    4    6    3    5    6    4    3    5    3    4    5    4    0    4     25000     50000    350000
0          7971      614500    3    0    6    0    0    2    1    5    3    0    0    1    3    4    6    3    5    6    4    6    5    3    4    5    4    0    4     37000     44000    352000
0         29625      584000    3    0    6    0    6    2    1    5    3    0    0    1    3    4    6    3    5    6    4    6    5    3    4    5    5    0    4     42500     55000    330000
0         29771      204000    3    0    6    0    6    2    1    5    3    0    0    1    3    4    6    3    5    6    4    6    5    3    4    5    5    3    4     16000    121500    264500
0         29916      172000    3    0    6    0    6    2    1    5    3    0    0    1    3    4    6    3    5    6    6    6    5    3    4    5    5    3    4     16000    121500    264500
0         30084      125250    3    0    6    0    6    2    1    5    3    6    0    1    3    4    6    3    5    6    6    6    5    3    4    5    5    3    4     20500    127250    260000
0         30249       93750    3    0    6    0    6    2    2    5    3    6    0    1    3    4    6    3    5    6    6    6    5    3    4    5    5    3    4     30500    122250    255500
0         34694       45000    3    0    6    0    6    2    6    5    3    6    0    1    3    4    6    3    5    6    6    6    5    3    4    5    5    3    4     30000    120000    260000
12         17384       45000    3    0    6    0    6    2    6    5    3    6    0    1    3    4    6    3    5    6    6    6    5    3    4    5    5    3    4     30000    120000    260000
0            68     6281500    2    0    1    0    0    1    0    0    1    0    0    1    0    0    5    3    3    3    3    3    2    3    3    6    3    3    4         0     50000    990000
0           214     5499500    2    0    1    0    0    1    0    0    1    0    0    1    0    0    5    3    3    3    3    3    6    3    3    6    3    3    4    234000         0    720000
0           362     3791500    2    0    1    0    0    1    0    0    1    0    0    2    0    0    5    3    3    3    3    3    6    3    3    6    3    3    4         0     50000    720000
0           512     2499000    2    0    1    0    0    1    0    0    1    0    0    2    0    0    5    3    3    5    3    3    6    3    3    6    3    3    4    112500         0    495000
0           664     1964000    2    0    1    0    0    1    0    0    6    0    0    2    0    0    5    3    3    5    3    3    6    3    3    6    3    3    4    112500         0    450000
0           812     1836500    2    0    1    0    0    1    0    0    3    0    0    2    0    0    5    3    3    5    3    3    6    3    3    6    3    3    4         0     50000    495000
0           956     1826500    2    0    1    0    0    4    0    0    3    0    0    2    0    0    5    3    3    5    3    3    6    3    3    6    3    3    4         0     50000    495000
0          1107     1301500    2    0    1    0    0    4    0    0    3    0    0    2    0    0    5    3    3    5    3    3    6    3    3    6    3    3    6         0     50000    450000
0          1280      851500    2    0    1    0    0    4    0    0    3    0    0    2    0    0    5    3    3    5    3    4    6    3    3    6    3    3    6         0     50000    400000
0          1444      851500    2    0    1    0    0    4    0    0    3    0    0    2    0    0    5    3    3    5    3    4    6    3    3    6    3    5    6         0     50000    400000
0          2075      851500    5    0    1    5    0    4    0    0    3    0    5    2    0    0    5    3    3    5    3    4    6    0    3    6    3    5    6         0     62500    387500
0          2664      601500    5    0    1    5    0    4    0    0    3    6    4    2    1    0    5    3    3    5    3    4    6    0    3    6    3    5    6      5000     60000    365000
0          2825      599500    5    0    1    5    0    4    0    0    3    6    4    2    1    0    5    3    3    5    3    4    6    5    3    6    3    5    6      2000     62000    366000
0          2990      576500    5    0    1    5    0    4    0    0    3    6    4    2    1    6    5    3    3    5    3    4    6    5    3    6    3    5    6      6250     81250    337500
0          3144      571500    5    0    1    5    0    4    0    0    3    6    4    2    1    6    5    4    3    5    3    4    6    5    3    6    3    5    6     17500     77500    335000
0          3602      526500    5    0    1    5    0    4    0    0    3    6    4    2    5    6    5    4    3    5    3    4    6    6    3    6    2    5    6     25000     75000    325000
0          3772      190000    5    6    1    5    0    4    0    0    3    6    4    2    5    6    5    4    3    5    3    4    6    6    3    6    2    5    6     41000    107000    245000
0          4074      145000    5    5    1    5    0    4    0    0    3    6    4    2    5    6    5    4    3    5    3    4    6    6    3    6    6    5    6     60000     90000    260000
0          4222       54000    5    6    1    5    0    4    0    0    3    6    4    2    5    6    5    4    3    5    3    4    6    6    3    6    6    5    6     67000     89000    255000
0          9185       45000    5    6    1    5    0    4    0    0    3    3    4    2    5    6    5    4    4    5    3    4    6    6    3    6    6    0    6     94000     52000    260000
13          4629       45000    5    6    1    5    0    4    0    0    3    3    4    2    5    6    5    4    4    5    3    4    6    6    3    6    6    0    6     94000     52000    260000
0            67     4031527    0    0    0    0    0    1    0    0    1    0    0    6    3    0    1    3    6    1    3    3    2    3    3    5    3    3    4         0    166666    823333
0           938     3341500    0    0    0    3    0    1    0    0    1    3    0    6    2    0    6    2    6    1    5    3    2    3    3    5    3    3    4    125000         0    595000
0          1088     2386500    0    0    0    3    0    1    0    0    1    3    0    6    2    0    6    2    6    5    5    3    2    3    3    5    3    3    4     45000     90000    450000
0          1247     1996500    0    0    0    3    0    1    0    0    1    3    0    6    2    0    6    2    6    5    5    3    6    3    3    5    3    3    4    125000         0    450000
0          1416     1059000    0    0    0    3    0    1    0    0    4    3    0    6    2    0    6    2    6    5    5    3    6    3    3    5    3    3    4    125000         0    337500
0          1578      821500    0    0    0    3    0    1    6    0    4    3    0    6    2    0    6    2    6    5    5    3    6    3    3    5    3    3    4    125000         0    325000
0          2044      801500    2    2    0    3    3    1    6    0    4    3    0    6    2    0    6    2    6    5    5    3    6    3    3    5    3    3    4    125000         0    325000
0          2187      684000    2    2    0    3    3    1    6    0    4    3    0    6    2    0    6    6    6    5    5    3    6    3    3    5    3    3    4    125000         0    297500
0          2336      194000    2    2    0    3    3    1    6    0    4    3    0    6    2    0    6    6    6    5    5    3    6    3    3    5    5    3    4    138800      8400    249800
0          2494      172000    2    2    0    3    3    1    6    0    4    3    0    6    2    0    6    6    3    5    5    3    6    3    3    5    5    3    4    140000      6000    257000
0          2665      169000    2    2    0    3    3    1    6    0    4    3    0    6    2    1    6    6    3    5    5    3    6    3    3    5    5    3    4    140000      6000    260000
0          2850      151000    2    2    0    3    3    1    6    3    4    3    0    6    2    1    6    6    3    5    5    3    6    3    3    5    5    3    4    137000     12000    263000
0          3181      145250    2    2    0    3    3    1    6    3    4    3    3    6    2    2    6    6    3    5    5    3    6    3    3    5    5    3    4    125250     17750    274750
0          3852      125300    2    1    0    3    1    1    6    3    4    3    3    6    2    6    6    6    3    5    5    3    6    3    4    5    5    3    4    143000     14200    252100
0          4004      124250    2    1    0    3    1    1    6    3    4    3    3    6    2    6    6    6    3    5    5    3    6    3    4    5    5    6    4    143000     15250    250000
0          4160       93750    2    1    0    3    1    1    6    3    4    3    3    6    2    6    6    6    3    5    5    3    6    3    6    5    5    6    4    143000     15250    250000
0          4310       58000    2    6    0    3    1    1    6    3    4    3    3    6    2    6    6    6    3    5    5    3    6    3    6    5    5    6    4    143000     16000    250000
0          4459       40000    2    6    0    3    1    1    6    3    4    3    3    6    2    6    6    6    3    5    5    3    6    3    6    5    5    5    4    130000     27500    252500
0          4904       27500    2    6    0    3    6    1    6    3    4    3    3    6    2    5    6    6    3    5    5    3    6    3    6    5    5    5    4    130000     27500    250000
14          2491       27500    2    6    0    3    6    1    6    3    4    3    3    6    2    5    6    6    3    5    5    3    6    3    6    5    5    5    4    130000     27500    250000
0            70     8026500    5    0    6    0    0    1    0    0    1    0    0    1    0    3    1    2    3    3    3    3    3    3    3    4    3    3    6    720000         0    495000
0           201     7989500    5    0    6    0    0    1    0    0    1    0    0    1    0    3    1    2    3    3    3    3    3    3    3    4    3    3    5    234000         0    990000
0           330     3686500    5    0    6    0    0    1    0    0    1    0    0    1    0    3    1    2    3    6    3    3    3    3    3    4    3    3    5    234000         0    495000
0           465     3544500    5    0    6    0    0    1    0    0    1    0    0    1    0    3    1    2    3    6    3    3    5    3    3    4    3    3    5    234000         0    495000
0           620     3421500    5    0    6    0    0    1    0    0    1    0    0    1    0    3    1    2    3    6    3    3    5    3    3    4    3    3    6    234000         0    486000
0           782     3009500    5    0    6    0    0    1    0    0    1    0    0    1    0    3    5    2    3    6    3    3    5    3    3    4    3    3    6    234000         0    450000
0           926     1751500    5    0    6    0    0    1    0    0    2    0    0    1    0    3    5    2    3    6    3    3    5    3    3    4    3    3    6         0    100000    450000
0          1071     1407750    5    0    6    0    0    1    0    0    2    0    0    3    0    3    5    2    3    6    3    3    5    3    3    4    3    3    6     56250         0    450000
0          1235     1395500    5    0    6    0    0    1    0    0    2    0    0    3    0    3    5    2    3    6    3    3    5    3    3    4    3    3    0         0      1000    495000
0          1407     1395250    5    0    6    0    0    1    0    0    2    0    0    3    0    3    5    2    3    6    3    4    5    3    3    4    3    3    0         0      1250    495000
0          1560     1393500    5    0    6    0    0    1    0    0    2    0    0    3    0    3    5    2    3    6    3    4    5    3    6    4    3    3    0         0      2000    494000
0          1701     1391500    5    0    6    0    0    1    0    0    2    0    0    3    0    3    5    2    3    6    3    6    5    3    6    4    3    3    0         0      2500    492500
0          1843     1376500    5    0    6    0    0    1    0    0    2    0    0    3    0    3    5    2    3    6    3    6    5    3    6    4    3    3    4         0     62500    432500
0          1989     1191500    5    0    6    0    0    1    0    0    2    0    0    6    0    3    5    2    3    6    3    6    5    3    6    4    3    3    4     80000     70000    320000
0          2145     1021500    5    0    6    0    0    1    0    0    2    0    0    6    0    3    5    3    3    6    3    6    5    3    6    4    3    3    4    104000     28000    348000
0          2448      801500    5    0    6    0    4    1    0    0    2    0    0    6    6    3    5    3    3    6    3    6    5    3    6    4    3    3    4    125000         0    325000
0          2898      182500    5    0    6    4    4    1    0    0    2    0    4    6    6    3    5    3    3    6    3    6    5    3    6    5    3    3    4     37500    100000    260000
0          3052       60000    5    0    6    4    4    1    0    0    2    6    4    6    6    3    5    3    3    6    3    6    5    3    6    5    3    3    4     50000    100000    255000
0          7538       53750    5    0    6    4    4    1    6    0    2    6    4    6    6    3    5    3    3    6    3    6    5    3    6    5    3    3    4     31250    125000    255000
0          7697       53750    5    0    6    6    4    1    6    0    2    6    4    6    6    3    5    3    3    6    3    6    5    3    6    5    3    3    4     31250    125000    255000
15          3887       53750    5    0    6    6    4    1    6    0    2    6    4    6    6    3    5    3    3    6    3    6    5    3    6    5    3    3    4     31250    125000    255000
0            73     8053500    0    0    0    0    0    0    0    0    1    5    0    1    6    0    1    3    0    1    3    3    4    3    3    2    3    3    4    990000         0    234000
0           218     7491500    0    0    0    0    0    0    0    0    1    5    0    1    6    0    1    3    0    1    3    3    6    3    3    2    3    3    4    720000         0    450000
0           361     5831500    0    0    0    0    0    0    0    0    1    5    0    1    6    0    1    3    0    5    3    3    6    3    3    2    3    3    4    125000         0    865000
0           503     4031527    0    0    0    0    0    0    0    0    1    5    0    1    6    0    1    3    0    5    3    3    6    3    3    2    1    3    4    166666         0    823333
0           630     3661500    0    0    0    0    0    0    0    0    1    5    0    1    6    0    1    6    0    5    3    3    6    3    3    2    1    3    4    270000         0    450000
0           765     3401500    0    0    0    0    0    0    0    0    1    5    0    1    6    0    6    6    0    5    3    3    6    3    3    2    1    3    4    250000         0    470000
0           920     3341500    0    0    0    0    0    0    0    0    3    5    0    1    6    0    6    6    0    5    3    3    6    3    3    2    1    3    4         0         0    720000
0          1079     2968000    0    0    0    0    0    0    0    0    3    5    0    5    6    0    6    6    0    5    3    3    6    3    3    2    1    3    4    229500         0    450000
0          1224     2521500    0    0    0    0    0    0    0    0    3    5    0    5    6    0    4    6    0    5    3    3    6    3    3    2    1    3    4    370000         0    250000
0          1366     1521500    0    0    0    0    0    0    0    0    6    5    0    5    6    0    4    6    0    5    3    3    6    3    3    2    1    3    4    250000         0    260000
0          1528     1431500    0    0    0    0    0    5    0    0    6    5    0    5    6    0    4    6    0    5    3    3    6    3    3    2    1    3    4    250000         0    250000
0          1699     1311000    0    0    0    0    0    5    0    0    6    5    0    5    6    0    4    6    0    6    3    3    6    3    3    2    1    3    4    229500         0    250000
0          1873     1229000    0    0    3    0    0    5    0    0    6    5    0    5    6    0    4    6    0    6    3    3    6    3    3    2    1    3    4    229500         0    250000
0          2029     1122000    0    0    5    0    0    5    0    0    6    5    0    5    6    0    4    6    0    6    3    3    6    3    3    2    1    3    4    229500         0    234000
0          2175     1104000    0    0    5    0    0    5    0    0    6    5    2    5    6    0    4    6    0    6    3    3    6    3    3    2    1    3    4    229500      9000    225000
0          2337     1084750    0    0    5    0    0    5    0    0    6    5    2    5    6    0    4    6    3    6    3    3    6    3    3    2    1    3    4    229500     10250    225000
0          2508     1072800    0    0    5    0    0    5    0    0    6    5    2    5    6    3    4    6    3    6    3    3    6    3    3    2    1    3    4    229500      8200    225800
0          2667      979000    0    0    5    0    0    5    0    0    6    5    2    5    6    3    4    6    3    6    3    3    6    3    3    2    1    1    4    201700     27800    232200
0          2829      846500    0    0    5    0    1    5    0    0    6    5    2    5    6    3    4    6    3    6    3    3    6    3    3    2    1    1    4    120000     65000    250000
0          3001      824000    0    0    5    0    1    5    0    0    6    5    2    5    6    3    4    6    3    6    3    3    6    3    6    2    1    1    4     67500    105000    250000
0          3161      720250    0    0    5    0    1    5    0    0    6    5    2    5    6    3    4    6    3    6    3    3    6    3    6    2    6    1    4     58750    127500    250000
0          3598      631000    0    0    2    0    1    5    0    0    6    5    3    5    6    3    4    6    3    6    3    3    6    3    6    5    6    1    4     20500    114750    271250
0          5205      295000    2    2    6    3    1    3    0    0    6    5    3    5    6    2    4    6    4    6    3    0    6    1    6    5    5    1    4    140000     50000    220000
0          5529      257000    2    2    6    3    1    3    0    4    6    5    3    5    6    2    4    6    4    6    3    0    6    1    0    5    5    1    4    146000     44000    214000
0          5689      145000    2    2    6    3    1    3    0    4    6    5    3    5    6    2    4    6    4    6    3    0    6    1    0    5    5    1    5     45000    107500    252500
0          6023       60000    2    2    6    3    1    3    0    4    6    5    5    5    6    2    4    6    4    6    3    0    6    1    0    4    5    1    5    152500     51250    198750
0         36797       49000    2    2    6    3    1    4    0    4    6    5    2    5    6    2    4    6    4    6    3    0    6    1    3    4    5    6    5    248000      4000    152000
0         36958       35000    2    2    6    3    1    4    0    4    6    5    2    5    6    3    4    6    4    6    3    0    6    1    3    4    5    6    5    240000     10000    160000
0         37316       25000    2    2    6    3    1    4    0    5    6    5    2    5    6    3    4    6    4    6    3    0    6    1    3    4    5    1    5    230000     20000    160000
16         18699       25000    2    2    6    3    1    4    0    5    6    5    2    5    6    3    4    6    4    6    3    0    6    1    3    4    5    1    5    230000     20000    160000
0            79     9649500    4    0    5    0    0    6    0    0    1    0    0    1    0    0    1    0    2    1    3    3    3    3    3    3    3    3    6    450000    234000    720000
0           232     5499500    4    0    5    0    0    6    0    0    1    0    0    1    0    0    1    0    2    1    3    3    4    3    3    3    3    3    6         0    234000    720000
0           376     3791500    4    0    5    0    0    6    0    0    1    0    0    1    0    0    2    0    2    1    3    3    4    3    3    3    3    3    6     50000         0    720000
0           520     3544500    4    0    5    0    0    6    0    0    1    0    0    1    0    0    5    0    2    1    3    3    4    3    3    3    3    3    6         0    234000    495000
0           672     3009500    4    0    5    0    0    6    0    0    1    0    0    1    0    0    5    0    2    6    3    3    4    3    3    3    3    3    6         0    234000    450000
0           821     1826500    4    0    5    0    0    6    0    0    1    0    0    1    0    0    5    0    2    2    3    3    4    3    3    3    3    3    6     50000         0    495000
0           981      851500    4    0    5    0    0    6    0    0    1    0    0    6    0    0    5    0    2    2    3    3    4    3    3    3    3    3    6     50000         0    400000
0          1292      826500    4    0    5    0    0    6    0    0    1    0    0    6    0    0    5    0    2    2    2    3    4    4    3    3    3    3    6     37500     12500    375000
0          1451      801500    4    0    5    0    0    6    0    0    1    0    0    6    0    0    5    0    3    2    2    3    4    4    3    3    3    3    6     30000     20000    390000
0          1944      751500    4    0    5    0    0    6    0    0    1    0    0    6    0    0    5    0    3    2    4    1    4    4    3    3    3    3    6     40000     10000    380000
0         19558      715500    4    0    5    0    0    6    0    0    1    0    0    6    0    3    5    0    3    2    4    6    4    4    3    3    3    3    6     34000     20000    360000
0         19711      670250    4    0    5    0    0    6    0    0    1    0    0    6    0    3    5    3    3    2    4    6    4    4    3    3    3    3    6     46250     16250    361250
0         19859      661500    4    0    5    0    0    6    0    0    1    0    0    6    0    3    5    3    3    2    4    6    4    4    4    3    3    3    6     40000     20000    360000
0         20001      637750    4    0    5    0    0    6    0    0    1    0    0    6    0    3    5    3    3    2    4    6    4    4    5    3    3    3    6     46250     16250    361250
0         20148      632750    4    0    5    0    0    6    0    0    1    0    0    6    0    3    5    3    3    2    4    6    4    4    5    3    5    3    6     46250     16250    361250
0         41823      576500    4    0    5    0    4    6    0    0    1    0    0    6    0    3    5    5    3    2    4    6    4    4    5    3    5    3    6     25000     50000    350000
0         41964      574000    4    0    5    0    4    6    0    0    1    0    0    6    0    4    5    5    3    2    4    6    4    4    5    3    5    3    6      2500     80000    340000
17         21011      574000    4    0    5    0    4    6    0    0    1    0    0    6    0    4    5    5    3    2    4    6    4    4    5    3    5    3    6      2500     80000    340000
0            77     9649500    2    5    0    0    0    4    0    0    1    0    0    1    0    1    1    0    6    1    0    3    1    3    3    3    3    3    6    234000    720000    450000
0           210     8109500    2    5    0    0    0    4    0    0    1    0    0    1    0    1    1    0    6    1    0    3    1    3    3    4    3    3    6    234000    740000    250000
0           337     7624500    2    5    0    0    0    4    0    0    1    0    0    1    0    1    1    0    6    1    0    3    6    3    3    4    3    3    6    234000    720000    225000
0           477     4031527    2    5    0    0    0    4    0    0    1    0    0    1    0    1    1    0    6    1    0    3    6    3    3    4    3    3    4    234000    823333    166666
0          1595     3661500    1    5    0    2    0    4    5    0    1    4    0    1    0    1    1    6    6    1    0    3    6    2    3    4    3    6    4    450000    270000         0
0          1740     3341500    1    5    0    2    0    4    5    0    1    4    0    1    0    1    1    6    6    1    0    3    6    2    3    4    3    6    5    130000    405000    185000
0          1901     2781500    1    5    0    2    0    4    5    0    1    4    0    1    0    1    5    6    6    1    0    3    6    2    3    4    3    6    5    130000    350000    160000
0          2071     2386500    1    5    0    2    0    6    5    0    1    4    0    1    0    1    5    6    6    1    0    3    6    2    3    4    3    6    5    180000    135000    270000
0          2242     1955000    1    5    0    2    0    6    5    0    1    4    0    3    0    1    5    6    6    1    0    3    6    2    3    4    3    6    5    117000         0    436500
0          2408     1396500    1    5    0    2    0    6    5    0    1    4    0    3    0    1    5    6    6    2    0    3    6    2    3    4    3    6    5         0         0    495000
0          2578     1381500    1    5    0    2    0    6    5    0    1    4    0    3    0    1    5    6    6    2    0    3    6    2    6    4    3    6    5         0     30000    450000
0          2746     1370500    1    5    0    2    0    6    5    0    6    4    0    3    0    1    5    6    6    2    0    3    6    2    6    4    3    6    5    217700     11800    282300
0          2906     1235750    1    5    0    2    0    6    5    0    4    4    0    3    0    1    5    6    6    2    0    3    6    2    6    4    3    6    5      9500    220000    245250
0          3069     1211000    1    5    0    2    0    6    5    0    4    4    0    3    0    1    5    6    6    2    0    3    6    2    6    4    1    6    5     16500    196500    253500
0          3241     1096375    1    5    3    2    0    6    5    0    4    4    0    3    0    1    5    6    6    2    0    3    6    2    6    4    1    6    5     19750    190000    255125
0          3422     1008700    1    5    3    2    0    6    5    0    4    4    0    5    0    1    5    6    6    2    0    3    6    2    6    4    1    6    5     11800    205900    244100
0          3603      828875    1    5    3    2    0    6    5    0    4    4    3    5    0    1    5    6    6    2    0    3    6    2    6    4    1    6    5     24750    180000    212625
0          3948      724000    1    5    3    2    2    6    5    0    4    4    3    5    0    1    5    6    6    2    0    3    6    6    6    4    1    6    5     55000    145000    222500
0          4115       60000    1    5    3    2    6    6    5    0    4    4    3    5    0    1    5    6    6    2    0    3    6    6    6    4    1    6    5     52500    145000    207500
0          9164       59000    1    1    3    2    6    6    4    5    4    4    3    5    0    6    5    6    6    2    0    3    6    6    6    4    1    0    5     52000    146000    208000
18          4623       59000    1    1    3    2    6    6    4    5    4    4    3    5    0    6    5    6    6    2    0    3    6    6    6    4    1    0    5     52000    146000    208000
0            78     7989500    5    0    1    0    0    1    0    0    1    0    0    1    6    0    1    3    0    4    3    2    4    3    3    4    3    3    2    990000         0    234000
0           232     5971500    5    0    1    0    0    1    0    0    1    0    0    1    6    0    1    3    0    4    3    2    6    3    3    4    3    3    2    740000         0    250000
0           386     4031527    5    0    1    0    0    1    0    0    1    0    0    1    6    0    1    3    0    4    3    2    6    3    3    4    3    3    4    823333    234000    166666
0          1352     3971500    5    6    1    0    0    1    0    6    1    0    0    1    6    0    1    0    0    4    2    2    6    1    3    4    5    3    4    360000    240000    150000
0          1528     3719000    5    6    1    0    0    1    0    6    1    0    0    1    6    0    1    0    0    4    2    2    6    1    3    4    5    3    5    235000    252500    250000
0          1697     3501500    5    6    1    0    0    1    0    6    1    0    0    1    6    0    1    0    0    5    2    2    6    1    3    4    5    3    5         0    270000    450000
0          1855     3073500    5    6    1    0    0    1    0    6    1    0    0    1    6    0    6    0    0    5    2    2    6    1    3    4    5    3    5         0    234000    450000
0          2024     3009500    5    6    1    0    0    1    0    6    1    0    0    1    6    0    6    0    0    5    2    2    6    1    3    4    5    3    3    175000     59000    450000
0          2184     2639500    5    6    1    0    0    1    0    6    1    0    0    1    6    0    6    0    4    5    2    2    6    1    3    4    5    3    3    168000     66000    384000
0          2325     2481500    5    6    1    0    0    1    0    6    1    0    0    4    6    0    6    0    4    5    2    2    6    1    3    4    5    3    3    185000     75000    350000
0          2479     2226500    5    6    1    0    0    1    0    6    1    0    0    4    6    0    6    0    4    5    2    2    6    1    3    4    5    3    5     35000    225000    325000
0          2633     1516500    5    6    1    0    5    1    0    6    1    0    0    4    6    0    6    0    4    5    2    2    6    1    3    4    5    3    5         0    250000    245000
0          2791     1386500    5    6    1    0    5    1    0    6    1    0    0    5    6    0    6    0    4    5    2    2    6    1    3    4    5    3    5         0    260000    235000
0          2955     1276500    5    6    1    0    5    1    0    6    1    0    0    5    6    0    6    0    4    6    2    2    6    1    3    4    5    3    5     10000    250000    225000
0          3115     1214000    5    6    1    0    5    1    0    6    4    0    0    5    6    0    6    0    4    6    2    2    6    1    3    4    5    3    5     35000    225000    212500
0          3281      871500    5    6    1    0    5    1    0    6    4    0    0    5    6    0    6    0    4    6    2    2    6    1    3    5    5    3    5         0    250000    200000
0          3459      851500    5    6    1    0    5    1    0    6    4    0    0    5    6    6    6    0    4    6    2    2    6    1    3    5    5    3    5         0    260000    190000
0          3634      851500    5    6    1    0    5    1    0    6    4    0    0    5    6    6    6    0    4    6    2    2    5    1    3    5    5    3    5         0    322500    127500
0          3805      851500    5    6    1    0    5    1    0    6    4    0    0    5    6    6    6    0    4    6    2    2    5    1    3    5    3    3    5         0    322500    127500
0          3983      596500    5    6    1    0    5    1    0    6    4    0    0    5    6    6    6    0    4    6    2    2    5    1    3    5    3    3    4         0    250000    175000
0          4321      591500    5    6    1    5    5    1    6    6    4    0    0    5    6    6    6    0    4    6    2    2    5    1    3    5    3    3    4     20000    240000    170000
0          4483      581500    5    6    1    5    5    1    6    6    4    0    0    5    6    6    6    0    4    6    2    2    5    1    3    5    6    3    4     10000    250000    160000
0          4654      539000    5    6    1    5    5    1    6    6    4    0    0    5    6    6    6    0    4    6    2    2    5    3    3    5    6    3    4     50000    225000    137500
0          4817      522500    5    6    1    5    5    1    6    6    4    0    0    5    6    6    6    0    4    6    5    2    5    3    3    5    6    3    4     44000    234000    133000
0          4978      202250    5    6    1    5    5    1    6    6    4    0    0    5    6    6    6    0    4    6    5    2    5    5    3    5    6    3    4     12500    250000    140250
0          5144      142500    5    6    1    5    5    1    6    6    4    0    0    5    6    6    6    4    4    6    5    2    5    5    3    5    6    3    4     37500    237500    137500
0          5302       82000    5    6    1    5    5    1    6    6    4    0    0    5    6    6    6    3    4    6    5    2    5    5    3    5    6    3    4     41000    234000    134000
0         18482       54000    5    6    1    5    5    1    6    6    4    4    0    5    6    6    6    1    4    6    5    2    5    5    3    5    6    3    4     67000    250000     94000
0         18621       54000    5    6    1    5    5    1    6    6    4    4    0    5    6    6    6    5    4    6    5    2    5    5    3    5    6    3    4     33500    250000    127500
19          9344       54000    5    6    1    5    5    1    6    6    4    4    0    5    6    6    6    5    4    6    5    2    5    5    3    5    6    3    4     33500    250000    127500