
0     20795.00       55000.00
1      8289.00       88800.00
2      9427.00       55000.00
3     10902.00       58750.00
4      1213.00       47500.00
5      4468.00       55000.00
6      2279.00       65000.00
7      2437.00       35000.00
8     11859.00       61500.00
9      9530.00       61000.00
10      5293.00       55625.00
11      8789.00       45000.00
12     17384.00       45000.00
13      4629.00       45000.00
14      2491.00       27500.00
15      3887.00       53750.00
16     18699.00       25000.00
17     21011.00      574000.00
18      4623.00       59000.00
19      9344.00       54000.00