
2  0         27298       15004    0    5    5    1    6    5    2    5    5    3    5    5    3    5    5    4    6    5    4    6    5    6    6    5    6    6    5    250000    120000     35556
2  1         28008        6306    0    5    2    1    5    6    2    5    5    3    5    5    3    5    5    4    6    5    4    6    5    6    6    5    6    6    5    250000    147826      8696
2  2         28022        6306    0    5    2    1    5    6    2    5    5    3    5    5    3    5    5    4    6    5    4    6    5    6    6    5    6    6    5    250000    147826      8696
2  3         27089        8750    0    5    2    1    5    5    2    5    5    3    5    5    3    5    5    4    6    5    4    6    5    6    6    5    6    6    5    250000    150000      6250
2  4         27161        8750    0    5    5    1    5    2    2    5    5    3    5    5    3    5    5    4    6    5    4    6    5    6    6    5    6    6    5    250000    150000      6250
2  5         27219        6306    0    5    2    1    5    6    2    5    5    3    5    5    3    5    5    4    6    5    4    6    5    6    6    5    6    6    5    250000    147826      8696
2  6         27879        5001    0    5    2    1    5    1    2    5    5    3    5    5    3    5    5    4    6    5    4    6    5    6    6    5    6    6    5    250000    150000      7143
2  7         27269       10628    0    6    2    1    6    5    2    5    5    3    5    5    3    5    5    4    6    5    4    6    5    6    6    5    5    6    5    250000    141667     15625
2  8         27608       10628    0    6    5    1    6    2    2    5    5    3    5    5    3    5    5    4    6    5    4    6    5    5    6    5    6    6    5    250000    141667     15625
2  9         27071        6306    0    5    6    1    5    2    2    5    5    3    5    5    3    5    5    4    6    5    4    6    5    6    6    5    6    6    5    250000    147826      8696
2  10         27399       11250    0    5    5    1    5    1    2    5    5    3    5    5    3    5    5    4    6    5    4    6    5    6    6    5    6    6    5    250000    150000      6250
2  11         27630       10628    0    5    5    1    6    2    2    5    5    3    5    5    3    6    5    4    6    5    4    6    5    5    6    5    6    6    5    250000    141667     15625
2  12         27936        8750    0    5    5    1    5    2    2    5    5    3    5    5    3    5    5    4    6    5    4    6    5    6    6    5    6    6    5    250000    150000      6250
2  13         27478       12062    5    1    5    0    4    5    5    2    6    3    3    6    3    5    6    4    6    5    4    6    5    5    6    5    0    6    5    123529    252941     29412
2  14         27885        6306    0    5    2    1    5    5    2    5    5    3    5    5    3    5    5    4    6    5    4    6    6    6    6    5    6    6    5    250000    147826      8696
2  15         27529        5001    0    5    2    1    5    1    2    5    5    3    5    5    3    5    5    4    6    5    4    6    5    6    6    5    6    6    5    250000    150000      7143
2  16         27258        8750    0    5    5    1    5    2    2    5    5    3    5    5    3    5    5    4    6    5    4    6    5    6    6    5    6    6    5    250000    150000      6250
2  17         27813        5001    0    5    1    1    5    2    2    5    5    3    5    5    3    5    5    4    6    5    4    6    5    6    6    5    6    6    5    250000    150000      7143
2  18         27450        6306    0    5    5    1    5    2    2    5    5    3    5    5    3    5    5    4    6    5    4    6    5    6    6    5    6    6    6    250000    147826      8696
2  19         28066        6306    0    5    2    1    6    6    2    5    5    3    5    5    3    5    5    4    5    5    4    6    5    6    6    5    6    6    5    250000    147826      8696