
1  0        150233     2011600   48   44   15   31    0   43    6    4   41    9   11   41   28   23   15   27   34   11   44   47   41   48   34   26    4   34   47   16   30    2   20   36   26   33    5   39    8   33   26   38   22   47   12    1   28    7   13   49   21   13   29   23   10   36   22   35   42   14    6   35   39   10   15   17   48   11   18   42   41   49    5   35   46   24   36   49   39    3   16   42   42   19   31   25   25   31   40   48   10   27   37   43   37   29   46   13   24   43   32   40   47   33   38   30   43   32   30   30   45   40   46   45   36   34   44   36   49   47   35   37    135200     47700     67300
1  1        150236     2551800   45   20   34   14   34    9   41   27   43   10   22   30   11    7   33   36   40   49   25   21   47   32    8   48   44    3   35   37   47   48   40    4   26   23   41    2    6   26   29   24   22   13   11   20    4   31   32   24    5   22   48   46   15    8   12   23   45   28   39   39   18   28   26    1    2   40   29   14   46   31   16   35   35   49   21   45    7   16   33   48   49   49   15   37   40    9   36   38    0   38   27   30   49   19   25   43   42   13   47   44   48   34   42   30   33   17   48   49   47   46   29   39   37   34   43   41   16   47   36   38    135000     77500     57500
1  2        150054     2082800   28   43   29   24   34    9   21   31   32   44   41   18   19   41   11   16    4   43   27   41   15   47   12   44   23   32   46   29   20    8   27   23   30    2   33   49   48   40   39   15   13   17    3    0   36   10   17   34    5   45   42   31   10   37   49    1   49   41   19   12    5   21    6   48   28   48   40   37    7   49   39   14   13   34   11   28   40   45   14   22   35   32   27   46   16   25   22   49   46   35   42   25   45   24   25   26   48   42   26   38   47   18   48   20   31   30   38   38   39   30   33   33   36   43   47   44   47   47   36   37     76500     76500    103500
1  3        150284     2497800   11   17   35   35   48    9   32   31   47   36   22   40   39   29   48   21   47   47    2   37   35   49   37    8   39   11    3   12   28   26   21   49   24   46   15   41    8    1   16   37   27   42   34   24   42    4   16   28   29   32   42   19   23   13   46    7   40    0   14   33   45   26   13   33   10   38    5   17   41   40   48   12   39   23   42    9   38   33   43   43   35   49   20   27   49   22   42   41   34   15   48   25   44   19   18   40   45    6   13   46   25    3   38   31   33   44   30   40   45   36   42   41   30   27   47   36   13   47   44   28     90000    135000     40500
1  4        150189     2447400    4   39   31   19    1   11   27   24   44   32   48   41   17   36    8   28   47   21   37    7   35   13   30   42   36   34   25   42    7    5    9   48   39   33   14   40   47   33   22    6   21   14   41    8   44   38    7   40   20    3   15   10    3   17   48   26   42   29   17   49   28    4   37   48   35   38   24   10   23   35   33    6    2   14   15   46    0   38   18   41   22   39   37   26   43   30   49   27   16   40   45   21   23   12   43   26   25   32   49   49   30   29   31   30   34   46   32   30   45   16   16   44   11   34   47   36    3   47   36   43    135000     47700     81000
1  5        150197     2831800   43   33    5   13    9   47   34    4   23   31   35   25    3   39   47   46   22   16   31   20   40    7   29   32   23   48   48   37   22   24   41   28   19    0    7   42   20    9   30   38    4   21   38   38   42   18   10   44   43   35   15    7   10   34   15   18   12    9    2    6   38   10   41   48    1   11   13   14   28   30   35    8    1   46   39   20   36   17   35   22   49    3   22   44   32   44   31   30   49   46   48   18   29   40   38   45   35   25   27   14   30   26   47   36   43   48   14   33   13   45   40   45   36   49   38   36   37   47   36   37     45000     49500    180000
1  6        150316     2273800   23   22    7    0   21    5   13   27   31    8   36   46   36   30   48   46   23   47    0    8   48    0   18   40   38   49   10   19   19   33   31    6   24   46   34   20   36   31   12   49   26   27   29   34   15   35   36    2   23    3   47   45    9   13   15   28   16   17   28   17   15   26   14   28    1   45   30   33   49   49    4   42   20   35   29   43   35   22   46   21   11   26   44   39   40   38   44   23   25   43   43   25   47   46   42   48   17   45   39   19   40   32    7   30   41   24   41   49   34   32   38   44   29   18   47   36   37   42   43   37     27000     99000    135000
1  7        150189     2442800   23   37   32   22   27   12   44   12    8   42   18   26   27   45   31    5   17   25   46   31   34   42   47    7   49   28   27   26   47   19   45   45   47   24   37   41   11   16   39   44   15   19   31   42    4   30    1   39   30    6    0   34   43    7   14   13    8   16   21   38    2   10   46    5   20   11   49   38   43   29   24   33   16   49   43   49   23   38   49   41   39   25   22   29   14   46   44    3   48   35   35   25   39   49   40   40   44   35   34   48   32   29   40   30   26   44    9   34   45   33   14   48   48   33   47   36   28   11   36   41     54000    135000     76500
1  8        150176     2093800   25   46   34    7   10   30   24   29   14   39   13   25    5   48   35    7   38    4   46    6   42   47   13   32   20    7   22   39   35   17   37    3   36   44   31    6   37   36   43   14   19   21   39    8   24   47   43   40   46   20   41   19   10   18    0   47   49   10   34   28   41   47   49   49   19   11   16   16   15   49   17    9    8   37   45   46    2   29   49   13   23   43   28   40   27   41   27   44    1   48   48   38   39   26   30   38   48   30   45   32   47   26   46   46   31   32    5   44   16   33   33   48   42   12   47   36   42   47   20   37     45000     54000    153000
1  9        150074     2729800    5    1    0   15   20   33   44    2   47   45    3    5   40   16   28    7   46    0   47   28   20   21   20   42   38   30   49   21   49   34   26   23   17   37   24   27   48   35   42   46   29   49   29   22   43   43   37   41   18    9   34   31   31   46   40    4   38   41   37   43    8   14   48   22    6   14   11   10   32   39   48   28   19   10   43   25   27   14   45   23   35   26   49   35   12   39   49   13   49   40   33   48   34   42   32   41   44   25   40   16   34   39   30   27   41   35   32   33   38   17   28   24   36   42   47   44   38   47   36   36    135000     99000     36000
1  10        150150     2360600   28   38   19   13   26   43   38   44   25   44   29   39    8   48   34   46    5   17   28   13   38   31   10   41   47   30   33   31   34   21   44   24   47   33   17   48   42   15    7    6    8   49   22    4   24    1   37   27    0   20   12    9    9   49   29    6   16   37   40   32   27   10   11   22   20   15   27   42   14   49   40   45   11    3   46   48   46   23   23   42   35   38   18   36   48   40   39   43   22   26   32   34   28   48   18   49   42   45   31   45   25   30   36    2   41   21   32   33   47   29   35   44   36   47   47   36   43   47   44   37     47700     81000    135000
1  11        150080     3019800    2   36   45    6   14   24   15   32   31   10   29   32   21    5   43   16    6   23    8    7   22   37   28   19   22    0   30   15   41   40   11   17    3   25    9   20   23    8   49   34    4   33   17   21   28    8   33   19   40   34   26   37   11   37   29   16   37   18   10   40   14   18   15   41   41   35   48   42   48   35   47   13   39   12   42   31   49   48   49   29   47   49   22   48   25   27   44   12   44   46   24   25   26   49   34   27   40   32   45   42   19   39   46   30   39   49   46   38    1   24   35   47   36   43   47   36   31   47   44   38     49500     99000    135000
1  12        150838     2666800   29   32   44   13    7   48   45   27   21    3    7   19   37   49   33   19   34   20   28   23   17   43   16   35   33   18   42   35    6   40    3   26   31   16   37   22   12    9   39    6   24   30   34    8   47    6    4    2   41   40   15   16   45   28   31   27   10   10   12   41   39   38   47   42   46   18   39   49   11    0   34    5    8   49   27   38   49   14   25   42   22   49   26    8   48   24   43   44   36   23   48   33   38   48   48   30   46   13   29   35   36   41   32    1   43    9   32   40   49   32   46   44   26   25   47   36   45   47   44   37     54000     76500    135000
1  13        150095     2615800   20    8   27   16   21   27   19   22   45   42   43   44   48   16   36    9   33   25   49    8   49    7   35   34    4   34   32   30   21   12    9   47    5   48   37   10   26   22   13   13    0   42   24    4   40   39   15   17   23   25   40   43    6   35   23   29   32   19    3    1   29    2   47   46   46   30   45   28   11   46   10   39   35   38   14    7   15   42   21   46   28   47   35   48   49   48   15   38   43   49    6   22   39   44   31   26   24   29   32   43   36   18   20   38   31   37   16   41   44   38   33   45   36   34   47   33   41   47   36   37     76500     54000    135000
1  14        150002     2399300   27    5   45   48   23   47   19   13   29   45   33   40   46    4   37   17   12   49   20   24   46   30   24   37   42   35   41   17   34   19   38   37   39   48   11   21    6   32   15   21    0   34    9    7   33   22   39   39   21   47   45   28   10   27    3   42   41   46   40   17    2   35   46   26   16   23   44   14   15    6   28   20   44    8   42   48   38   49   47   22   43   48   43   49   40   25   48   49   25   26   34   18   44    9   41   31    1   30   38   27   29   31   33   30   31   49   32   32   49   20   31   45   47   26   48   36   43   19   36   44     56250    135000     67500
1  15        150048     2657800   47   29   27   14   26   16   43   18   26   14   20   28    7   40    9   19   49   24   48   10   24   47   26   35   18   12   30   30    0   25   22   18   38   23   10    2    5   47    5   34   29   31   46   46   17   20   19   39   33   13   29   36   10   21    1   32   28   32   42   44   20   10   45   12   39   41    4   42    3    0   31   42    8   14   11   38   48   27    6   22   40   40   22   15   47   43   48    8   18   23   41   42   43   46   25   32   13   32   38   45   25   34   44   36   49   48   46   35   39   33   49   49   45   37   47   31   33   36   44   37    100000     35000    135000
1  16        150054     2661800    1   35   41   32   47   32   22   41    9   21    4   20   48   28   48   43    1   24   15   46   15   49   40   45   22   16   40    0   19   17    8   29   24   28   14   18   46   44   43   38   29   34   43   16   36   45   38    5   38    8   33   23   28   27   29   39   34   40   26   11   41   27   35   39   10   46   10    6   12   19    3   13   49   35   47   45   22   38   45    7   14   43   30   23    4   25   21   42    2   49   41   27   26   38   42   49   49   30   48   33   32   31   29   33   39   42   30   25   48   37   47   44   42   36   47   44   31   47   44   37     45000     90000    135000
1  17        150004     2704800    6   46   30   22   42   45    8   41   11   49   10   25    7    5   36   24   14   26   37   25   40   16   17   19   48   41   47    3   20   32   37   33   49   42    2   43   28    9   18   49    4    0   12   44   47    1    6   31   28   19   34   10   18   24   16   36   13    9    8   44   49   28   42   40   48   34   41   44   39   12   14   21   29   22   20   27   14   23   41   23   15   17   26   29   22   33   35   26    4   39   48   25   35   40    3   27   46   46   46   30   30   43   48   32   49   32    5   31   45   48   38   45   36   38   47   44   33   47   36   37     90000     49500    135000
1  18        150014     1967800   47   37   36   23   21   20   23   26   32   21   14   33   10   35   40    9   13   28   36    4   49   47   22   42    8    6   18   28   27   17    9   15   47   27   34   44   24   48   45    2   29   41   35    5    0   43   38    7   13   43   27   47    9   16   25    8   40   46   10   29    2   10   11   40   48   46   45    1   39   49   46   48   49   35   23   38   14   12   35   42   24   44   48   38   13   22   19   42   49   44   44    3   25   49   15   26   28   30   31   41   21   47   49   49   39   27   32   30   25   31   43   49   41   45   49   33   37   47   36   34     24750     90000    135250
1  19        150266     2781800   12   39   45   24   43   23   38   33   34   48   37   48   49   31   40   27   38   39   34   26   46   11   20   39   38    7   29   18   17   16    9   37   19   23   17   34   11   26   30   13    4   43   45   15    2   21   24   33   29   48   28   16    0   33    9   49   34    5    8   27   42   10   19   49    3    9   45   48   43   29   35   47   28   12   40   46   14   40   42   35   40   41   13   47   31   22   23   49   25   46   19   25   30   21   22   27   28   41   27   46   30   47   45   18   42   36   32   40    1   32   43    6   36   41   47   44   47   47   44   36     90000    135000     49500