
1  0         21196       13335    1    1    0    1    1    0    1    1    0    1    2    0    1    2    0    3    0    5    1    2    4     16666    241667    150000
1  1         21160       15000    1    0    1    1    0    1    1    0    1    0    3    5    2    0    1    2    2    0    2    4    0    246150    151925      8845
1  2         21160       15004    0    0    1    0    0    1    0    0    1    0    0    2    0    0    2    6    5    0    3    4    2     22220    133336    250000
1  3         21196       21843    0    2    0    0    2    0    0    1    4    1    2    0    2    0    0    3    0    2    3    2    3    249474    125263     33684
1  4         21124       35002    0    3    0    1    0    0    0    3    0    2    0    0    2    0    0    2    0    4    2    3    5    250000     83333     70001
1  5         21124       21317    1    0    0    1    0    0    0    2    0    2    0    0    1    1    5    1    4    1    3    2    3    255000    130526     22895
1  6         21124       10628    1    0    0    1    0    0    1    0    1    2    0    0    2    0    0    1    3    8    1    6    0    250000    141667     15625
1  7         21358       20000    0    0    1    1    0    1    0    0    1    1    0    2    1    0    2    1    2    2    5    7    0     10000    150000    245000
1  8         21178       32750    1    0    0    0    2    0    0    1    5    0    4    0    2    0    0    2    2    1    4    0    3    254750    125000     27000
1  9         21178       30000    1    0    0    1    0    0    0    2    0    1    2    0    2    0    0    0    5    5    4    0    4    245000    130000     30000
1  10         21124        8750    1    0    0    1    0    0    1    1    0    2    0    0    2    0    0    0    8    5    2    0    4    250000      6250    150000
1  11         21124       27500    0    2    0    0    1    4    0    2    0    0    4    0    2    0    0    3    0    2    4    0    3    250000    125000     32500
1  12         21196       13335    1    0    1    1    0    1    1    0    1    2    0    1    2    0    1    0    5    3    2    4    1    241667    150000     16666
1  13         21124       13335    0    1    5    1    0    0    1    0    0    0    4    0    1    2    0    3    0    1    3    2    3    258333    125000     25000
1  14         21016       13335    0    1    1    0    1    1    0    1    1    1    2    1    1    2    1    3    2    1    4    0    3    150000     91667    166666
1  15         21160       12577    1    0    0    1    0    0    1    0    0    1    3    0    1    3    0    0    3    8    4    0    1    257576     80808     69697
1  16         21196       29287    1    1    0    1    1    0    0    1    1    1    2    1    1    2    1    2    2    2    3    0    4    157143     92857    157143
1  17         21124       11250    1    0    0    0    2    1    1    0    0    0    5    0    2    0    0    1    1    8    4    1    0    250000    100000     56250
1  18         21196       15200    0    0    1    0    0    1    0    0    1    1    2    1    1    2    1    5    0    2    2    5    2     58000     94800    255000
1  19         21160       15005    0    0    1    0    0    1    0    0    1    0    0    2    0    0    2    9    2    0    0    7    2     69841     85714    250000