
1  0         92836      161000    0    1    0    0    1    0    0    1    0    0    1    0    0    1    0    0    1    0    0    1    0    1    1    0    0    1    0    1    1    0    1    1    0    1    1    0    1    1    0    2    1    0    2    1    0    2    1    0    2    1    0    2    1    0    2    1    0    2    1    1    3    1    0    3    1    0    2    1    1    2    2    0    1    3    6    2    3    3    4    2    6    2    3    4    2    4    4    2    2   17     13500     63000      7250
1  1        100434      118970    1    0    0    1    0    0    1    0    0    1    1    0    1    0    0    1    0    0    1    1    0    1    0    0    1    0    0    1    0    1    1    0    1    1    0    1    1    2    0    1    1    2    1    0    2    1    1    2    1    1    2    1    0    2    1    1    2    1    0    3    1    1    3    1    0    3    1    2    2    2    1    1    3    5    1    3    0    2    2    5    6    3    0    1    4    2    1    2   18    4     66000      5703     11334
1  2         92318       97076    1    0    0    1    0    0    1    0    1    1    0    1    1    0    1    1    1    0    1    0    0    1    1    0    1    0    0    1    0    1    1    0    1    1    0    1    1    0    1    1    0    2    1    0    2    1    0    2    1    0    2    1    0    2    1    0    2    1    1    2    1    0    3    1    0    3    1    0    2    2    0    2    3    4    1    3    2    2    3    3    1    3    5    1    4    5    0    1   20    6     63104      6810     13448
1  3         95411      123260    0    1    0    0    1    0    0    1    0    1    1    0    0    1    0    0    1    0    0    1    0    1    1    0    0    1    0    0    1    1    1    1    1    0    1    1    0    1    1    0    1    2    0    1    2    0    1    2    0    1    2    0    1    2    0    1    2    0    1    2    0    1    3    0    1    2    0    1    2    0    2    2    4    3    3    3    3    1    5    3    1    2    3    2    3    3    5   22    2    3      5116     64884     12558
1  4         96875       87750    0    0    1    0    0    1    0    1    1    0    0    1    0    1    1    0    1    1    1    0    1    0    0    1    0    0    1    1    1    1    1    0    1    1    0    1    1    0    1    2    0    1    2    0    1    2    0    1    2    0    1    2    0    1    2    0    1    3    0    1    3    0    1    3    0    1    3    0    1    2    0    2    2    2    3    1    4    3    4    6    2    3    0    3    0    6    4    1   20    2     13500      7025     63000
1  5         90419       70412    1    0    0    1    0    0    1    0    0    1    0    0    1    0    0    1    0    0    1    0    0    1    1    0    1    1    0    1    0    1    1    0    1    1    0    1    1    0    1    1    0    2    1    0    2    1    0    2    1    0    2    1    0    2    1    0    2    1    0    3    1    0    3    1    0    3    1    0    3    2    0    2    2   11    3    3    4    1    3    3    1    3    0    3    4    1    1    2   21    3     65618      5343     12187
1  6         95104       62000    0    1    0    0    1    0    0    1    0    0    1    0    0    1    0    0    1    0    0    1    0    0    1    0    0    1    0    0    1    1    0    1    1    0    1    1    0    1    1    0    1    2    0    1    2    0    1    2    0    1    2    0    1    2    0    1    2    0    1    3    0    1    3    0    1    3    0    1    3    1    2    1    4    3    1   10    2    4    2    3    2    8    2    5    3    4    0   14    3    1      5000     66000     12000
1  7         97897      124400    0    0    1    0    0    1    1    0    1    0    0    1    0    0    1    0    0    1    0    1    1    0    2    1    0    0    1    1    0    1    1    0    1    1    0    1    1    0    1    2    0    1    2    0    1    2    0    1    2    0    1    2    0    1    2    0    1    2    1    1    3    0    1    2    0    1    2    0    1    2    0    2    2    4    3    3    0    3    4    7    2    2    4    3    1    3    4    2   20    2     13500      6350     63000
1  8         91670       62964    0    0    1    0    0    1    1    0    1    0    1    1    1    0    1    1    0    1    0    1    1    0    1    1    0    1    1    1    1    1    1    1    1    1    1    1    1    0    1    2    0    1    2    0    1    2    0    1    2    0    1    2    0    1    2    0    1    2    2    1    3    0    1    2    1    1    2    1    1    2    0    2    2    2    3    1    3    3    3    0    3    3    8    2    0    4    4    3   14    2     14074      8148     61852
1  9         99283       56748    0    1    0    0    1    0    1    1    0    0    1    1    0    1    1    0    1    1    0    1    1    0    1    0    0    1    0    1    1    0    1    1    0    1    1    0    1    1    0    2    1    0    2    1    0    2    1    0    2    1    0    2    1    0    2    1    0    3    1    0    3    1    0    2    1    1    3    1    0    2    2    0    2    3    2    1    3    4    2    3    2    2    3    2    0    4    4    5    1   23     13265     63469      6531
1  10         92406       98924    0    1    0    0    1    0    0    1    0    0    1    1    0    1    0    0    1    1    0    1    0    0    1    0    0    1    0    0    1    1    0    1    1    0    1    1    0    1    1    0    1    2    0    1    2    0    1    2    0    1    2    0    1    2    0    1    2    0    1    3    0    1    3    0    1    3    0    1    3    0    2    2    5    3    0    5    3    2    0    3    3    5    3    0    3    4    0   24    1    5      6542     65500     11500
1  11         93440      106668    1    0    0    1    0    0    1    0    1    1    0    0    1    0    0    1    0    0    1    0    0    1    0    0    1    0    0    1    1    0    1    1    0    1    1    0    1    1    0    1    2    0    1    2    0    1    2    0    1    2    0    1    2    0    1    2    0    1    3    0    1    3    0    1    3    0    1    2    0    2    2    0    3    2    3    3    1    5    3    2    3    3    2    3    3    3    7    2    3   20     64360     12820      5641
1  12         93252      134156    1    0    0    1    0    0    1    0    0    1    0    0    1    0    0    1    0    0    1    0    0    1    0    0    1    0    0    1    0    1    1    0    1    1    0    1    1    0    1    1    0    2    1    0    2    1    0    2    1    0    2    1    0    2    1    0    2    1    0    3    1    0    2    1    0    3    1    0    2    2    0    2    3    4    0    3    5    2    3    9    0    2    4    6    4    5    0    2   15    6     63846      4923     13077
1  13         98129       98000    0    0    1    0    0    1    0    0    1    0    0    1    1    0    1    0    0    1    1    0    1    0    0    1    1    0    1    0    1    1    1    1    1    0    1    1    1    1    1    0    2    1    0    2    1    0    2    1    0    2    1    0    2    1    0    2    1    0    3    1    0    3    1    0    3    1    0    3    1    0    2    2    4    1    3    6    0    3    3    3    3    4    1    3    3    5    3   17    2    2      7000     13500     63000
1  14         98120       80728    0    0    1    0    0    1    0    1    1    0    0    1    0    0    1    1    0    1    0    0    1    0    0    1    0    0    1    1    0    1    1    0    1    1    0    1    1    0    1    2    0    1    2    0    1    2    0    1    2    0    1    2    0    1    2    0    1    3    0    1    3    0    1    3    0    1    3    0    1    1    1    2    0    7    3    2    1    3    2    2    3    1    4    3    3    8    3    4   18    2     11862      5682     65138
1  15         96454       94742    1    0    0    1    0    0    1    0    1    1    0    1    1    1    0    1    0    0    1    0    1    1    0    1    1    0    0    1    1    0    1    1    0    1    1    0    1    1    0    1    2    0    1    2    0    1    2    0    1    2    0    1    2    0    1    2    0    1    3    0    1    2    0    1    2    1    1    2    0    2    2    0    3    1    4    3    0    7    3    3    1    3    2    3    4    1    3    1    7   19     63000     13500      6447
1  16         95978      115900    0    1    0    0    1    0    1    1    0    0    1    0    0    1    0    1    1    0    0    1    0    0    1    0    0    1    0    0    1    1    0    1    1    0    1    1    0    1    1    0    1    2    0    1    2    0    1    2    0    1    2    0    1    2    0    1    2    1    1    2    0    1    3    0    1    2    1    1    2    0    2    2    4    3    2    4    3    2    1    3    3    0    3    3    9    3    2   20    2    3      5641     64360     12820
1  17         97237      130780    0    1    0    0    1    0    0    1    0    0    1    0    0    1    0    0    1    0    0    1    0    0    1    0    0    1    0    1    1    0    1    1    0    1    1    0    1    1    0    2    1    0    2    1    0    2    1    1    2    1    0    2    1    0    2    1    0    2    1    0    3    1    0    3    1    0    2    1    0    2    2    0    1    3    5    2    3    4    2    3    3    1    3    6    4    3    5    4    2   18     13500     63000      5555
1  18         95664      124800    1    0    0    1    0    0    1    0    0    1    0    0    1    0    0    1    0    0    1    0    0    1    0    0    1    0    0    1    0    1    1    0    1    1    0    1    1    1    1    1    0    2    1    0    2    1    0    2    1    0    2    1    1    2    1    0    2    1    0    2    1    0    3    1    0    2    1    0    3    2    0    2    2    8    5    3    6    1    3    4    2    2    6    4    4    1    1    3   15    1     65800      4700     12100
1  19        105774      126000    1    0    0    1    0    0    1    0    1    1    0    0    1    0    0    1    0    1    1    0    0    1    0    0    1    0    0    1    1    0    1    1    0    1    1    0    1    1    0    1    2    0    1    2    0    1    2    0    1    2    0    1    2    0    1    2    0    1    3    0    1    2    0    1    3    0    1    2    0    2    2    0    2    4    7    3    3    3    3    2    2    3    3    3    4    0    4    2    2   21     64000     13000      6000