
2  0         27696        5001    0    5    2    6    5    1    6    5    5    3    5    5    3    5    5    4    6    5    4    6    5    1    6    5    2    6    5    250000    150000      7143
2  1         27496        5001    0    3    1    1    3    2    2    3    3    4    5    3    4    5    3    5    6    3    5    6    3    6    6    3    6    6    3    250000    150000      7143
2  2         27445        5001    0    5    1    1    5    2    6    5    5    3    5    5    3    5    5    4    6    5    4    6    5    2    6    5    6    6    5    250000    150000      7143
2  3         28167        5003    6    2    6    1    2    6    6    5    5    3    5    5    3    5    6    4    6    5    4    6    5    5    6    5    0    6    5    250000    130000     26667
2  4         27727        5001    0    5    1    1    5    5    2    5    5    3    5    5    3    5    5    4    6    5    4    6    2    6    6    5    6    6    5    250000    150000      7143
2  5         28424        5001    0    5    1    1    5    2    2    5    5    3    5    5    3    5    5    4    6    5    4    6    5    6    6    5    6    6    5    250000    150000      7143
2  6         27839        5001    0    5    5    1    5    2    6    5    5    3    5    1    3    5    5    4    6    5    4    6    5    2    6    5    6    6    5    250000    150000      7143
2  7         27876        5001    0    5    2    1    5    5    6    5    1    3    5    5    3    5    5    4    6    5    4    6    5    6    6    5    2    6    5    250000    150000      7143
2  8         27765        5003    1    2    6    0    5    6    6    2    5    3    5    5    3    5    5    4    6    5    4    6    5    6    6    6    5    6    5    250000    130000     26667
2  9         28350        5003    0    2    5    1    2    6    6    5    5    3    5    6    3    5    5    4    6    5    4    6    5    5    6    5    6    6    6    250000    130000     26667
2  10         27607        5001    6    5    2    1    5    1    2    5    5    3    5    5    3    5    5    4    6    5    4    6    5    6    6    5    0    6    5    250000    150000      7143
2  11         27626        5001    0    5    1    1    5    2    6    5    5    3    5    5    3    5    5    4    6    5    4    6    5    2    6    5    6    6    5    250000    150000      7143
2  12         27672        5001    0    5    5    6    5    1    6    5    2    3    5    5    3    5    5    4    6    5    4    6    5    2    6    5    1    6    5    250000    150000      7143
2  13         27543        5001    6    5    1    6    5    2    2    5    5    3    5    5    3    5    5    4    6    5    4    6    5    1    6    5    0    6    5    250000    150000      7143
2  14         27869        5001    0    5    5    6    5    2    6    5    5    3    5    5    3    5    5    4    6    5    4    6    1    1    6    5    2    6    5    250000    150000      7143
2  15         27845        5003    5    2    6    0    5    6    1    5    6    3    2    5    3    5    5    4    6    5    4    6    5    6    6    5    6    6    5    250000    130000     26667
2  16         27274        5001    0    5    2    6    5    5    6    5    5    3    5    5    3    5    5    4    6    1    4    6    5    1    6    5    2    6    5    250000    150000      7143
2  17         27927        5001    0    5    1    6    5    5    6    5    5    3    5    2    3    5    5    4    6    5    4    6    5    1    6    5    2    6    5    250000    150000      7143
2  18         27451        5003    0    2    5    1    2    6    6    5    6    3    5    6    3    5    5    4    6    5    4    6    5    5    6    5    6    6    5    250000    130000     26667
2  19         27594        5001    0    6    2    1    5    1    6    5    5    3    5    5    3    5    5    4    6    5    4    5    5    6    6    5    2    6    5    250000    150000      7143