
1  0         91293       49420    0    1    0    0    1    0    1    1    0    1    1    0    1    1    0    1    1    0    1    1    0    1    1    0    1    1    0    0    1    1    0    1    1    0    1    1    0    1    1    0    1    2    0    1    2    0    1    2    0    1    2    0    1    2    0    1    2    1    1    2    2    1    2    1    1    2    0    1    2    0    2    2    6    2    5    2    3    2    4    3    1    2    3    2    0    4    2   17    2    4      5883     64117     12942
1  1         90701      102704    0    1    0    0    1    0    0    1    0    0    1    0    0    1    0    1    1    0    0    1    0    0    1    0    0    1    0    0    1    1    0    1    1    0    1    1    0    1    1    0    1    2    0    1    2    0    1    2    0    1    2    0    1    2    0    1    2    0    1    3    0    1    3    0    1    3    0    1    2    0    2    2    5    3    1    3    3    2    6    2    5    2    3    2    6    4    0   19    2    3      5946     64054     12973
1  2         92545       63200    1    0    0    1    0    0    1    0    0    1    1    0    1    1    0    1    0    0    1    1    0    1    0    0    1    1    0    1    0    1    1    0    1    1    0    1    1    0    1    1    2    1    1    0    2    1    0    2    1    0    2    1    0    2    1    0    2    1    0    3    1    2    2    1    0    3    1    0    3    2    1    1    2    7    5    3    4    1    3    1    2    3    1    2    4    0    2    2   20    3     66000      5600     12000
1  3         93187      130000    1    0    1    1    0    1    1    0    1    0    3    1    1    0    1    1    1    0    1    0    1    1    0    1    0    2    2    1    1    1    1    2    0    0    3    2    0    3    2    1    1    1    1    1    1    1    1    2    1    1    1    1    1    1    1    1    1    1    2    1    1    2    1    2    0    0    0    3    4    3    0    0    1    7    4    4    0    2    4    0    2    4    1    1    4    2    3    3    4    3     50666     17833     13668
1  4         92422       74000    0    1    0    0    1    0    0    1    0    1    1    0    0    1    0    0    1    0    0    1    0    0    1    0    1    1    0    0    1    1    0    1    1    0    1    1    1    1    1    0    1    2    0    1    2    0    1    2    0    1    2    0    1    2    0    1    2    0    1    3    0    1    3    0    1    3    0    1    2    0    2    2    3    3    1    7    2    5    4    3    1    4    3    1    1    4    1   20    2    4      5000     66000     12000
1  5         90362       48950    0    1    0    0    1    0    1    1    0    0    1    0    1    1    0    1    1    0    1    1    0    1    1    0    1    1    0    0    1    1    1    1    1    0    1    1    0    1    1    0    1    2    0    1    2    0    1    2    0    1    2    0    1    2    0    1    2    0    1    3    0    1    3    1    1    2    1    1    2    0    2    1    2    3    2    2    3    2    2    3    2    2    3    2    4    4    0   21    1    7      5958     64042     12979
1  6         93484      102000    0    0    1    0    0    1    0    0    1    0    1    1    0    1    1    0    1    1    0    1    1    1    0    1    1    0    1    0    1    1    0    1    1    0    1    1    0    1    1    0    2    1    0    2    1    0    2    1    0    2    1    0    2    1    0    2    1    1    2    1    0    3    1    0    2    1    0    2    1    0    2    2    2    2    3    5    5    2    6    0    3    6    0    3    1    1    4   19    3    2      6000     13000     64000
1  7         94915       62224    1    0    0    1    0    0    1    1    0    1    0    0    1    0    1    1    0    0    1    0    0    1    0    0    1    0    0    1    0    1    1    1    0    1    2    0    1    2    0    1    2    1    1    2    1    1    2    1    1    2    1    1    2    1    1    2    1    1    2    2    1    2    2    1    2    2    1    2    2    2    1    1    3    3    1    3    2    2    3    2    2    3    3    1    3    3    6    2    2   13     66000      6889     10222
1  8        102201       66676    1    0    0    1    0    0    1    0    1    1    1    0    1    1    0    1    1    0    1    1    0    1    1    0    1    0    0    1    0    1    1    0    1    1    0    1    1    0    1    1    0    2    1    0    2    1    0    2    1    0    2    1    0    2    1    0    2    1    0    2    1    0    3    1    1    2    1    0    3    2    0    2    2    4    6    3    5    1    3    2    2    3    4    1    4    2    1    2   19    2     63334      6666     13333
1  9         90871       64500    1    0    0    1    0    0    1    0    0    1    1    0    1    1    0    1    1    0    1    0    1    1    0    0    1    1    0    1    0    1    1    0    1    1    0    1    1    0    1    1    0    2    1    0    2    1    0    2    1    0    2    1    0    2    1    0    2    1    0    3    1    0    3    1    1    2    1    0    3    2    0    2    3    4    1    3    6    0    2    8    4    3    1    2    4    2    1    2   16    4     64000      6250     13000
1  10         92168       67000    1    0    0    1    0    0    1    0    0    1    0    1    1    0    0    1    0    0    1    0    0    1    0    0    1    0    0    1    1    1    1    1    0    1    1    1    1    1    0    1    2    1    1    2    1    1    2    1    1    2    1    1    2    1    1    2    1    1    2    2    1    2    2    1    2    2    1    2    2    2    2    0    3    3    1    3    3    1    3    3    1    3    3    1    3    2    7    2    2   14     66000      7500      9500
1  11         95807       60008    0    0    1    0    0    1    0    1    1    0    1    1    0    1    1    0    1    1    0    1    1    0    1    1    0    1    1    1    0    1    1    0    1    1    1    1    1    1    1    2    0    1    2    0    1    2    0    1    2    0    1    2    0    1    2    0    1    2    1    1    2    1    1    2    0    1    2    1    1    2    0    2    3    0    3    2    2    3    3    1    3    3    1    3    3    7    3    2   19    2     13334      6667     63332
1  12         96265       69528    0    1    0    0    1    0    0    1    1    0    1    1    0    1    0    0    1    0    0    1    0    0    1    1    0    1    1    1    1    0    1    1    0    1    1    0    1    1    0    2    1    0    2    1    0    2    1    0    2    1    0    2    1    0    2    1    0    2    1    0    3    1    0    2    1    1    3    1    0    1    2    1    2    3    2    0    3    7    2    3    2    2    3    1    5    3    3    4    2   21     12222     65556      4762
1  13         90807       68576    0    1    0    0    1    0    1    1    0    0    1    0    0    1    0    0    1    0    0    1    0    1    1    0    0    1    0    0    1    1    0    1    1    0    1    1    0    1    1    0    1    2    0    1    2    0    1    2    0    1    2    0    1    2    0    1    2    0    1    3    0    1    3    0    1    3    0    1    3    0    2    2    5    2    6    6    3    0    4    3    1    4    3    1    2    4    1   19    2    3      6071     64643     11786
1  14        100167       51340    0    1    0    0    1    0    0    1    0    0    1    1    0    1    1    0    1    1    0    1    1    0    1    1    0    1    1    1    1    1    1    1    0    1    1    0    1    1    1    2    1    0    2    1    0    2    1    0    2    1    0    2    1    0    2    1    0    2    1    1    3    1    0    3    1    0    2    1    1    2    2    0    3    3    1    2    3    2    2    3    2    2    3    2    3    3    7    2    2   18     13500     63000      7055
1  15         93691       77730    0    0    1    0    0    1    1    0    1    0    1    1    0    1    1    0    0    1    1    0    1    1    0    1    0    1    1    1    0    1    1    0    1    1    0    1    1    0    1    2    0    1    2    0    1    2    0    1    2    0    1    2    0    1    1    1    1    3    0    1    2    2    1    2    2    1    2    1    1    2    0    2    0    6    3    1    3    3    2    2    3    2    2    3    2    0    4    6   20    1     13409      6818     63182
1  16        102921       66322    1    0    0    1    0    0    1    0    0    1    0    0    1    0    0    1    0    0    1    0    1    1    0    0    1    0    0    1    1    0    1    1    1    1    1    0    1    1    0    1    2    0    1    2    0    1    2    0    1    2    0    1    2    0    1    2    0    1    3    0    1    3    0    1    2    1    1    2    2    2    2    0    3    2    2    3    1    4    3    1    4    3    1    4    3    5    4    2    4   19     65580     12210      5263
1  17        106843       56862    0    0    1    0    0    1    0    1    1    0    1    1    1    0    1    0    0    1    0    1    1    0    1    1    0    1    1    1    0    1    1    0    1    1    0    1    1    0    1    2    0    1    2    0    1    2    0    1    2    0    1    2    0    1    2    0    1    3    0    1    2    1    1    3    0    1    3    0    1    2    0    2    0    6    3    1    4    3    2    2    3    2    2    3    1    1    4    6   21    1     13223      6529     63554
1  18         95318       60000    0    1    0    0    1    0    0    1    0    0    1    1    0    1    0    0    1    1    0    1    0    0    1    1    0    1    0    1    1    0    1    1    0    1    1    0    1    1    0    2    1    0    2    1    0    2    1    0    2    1    0    2    1    0    2    1    0    3    1    0    3    1    0    2    1    1    3    1    0    1    2    0    1    3    4    6    2    5    1    3    4    2    3    2    0    4    3    4    2   20     12000     66000      5000
1  19         93130       70000    0    1    0    0    1    0    0    1    0    0    1    0    1    1    0    0    1    0    1    1    0    0    1    0    0    1    0    0    1    1    0    1    1    0    1    1    0    1    1    0    1    2    0    1    2    0    1    2    0    1    2    0    1    2    2    1    1    0    1    3    0    1    3    1    1    2    0    1    3    1    2    1    1    3    2    7    2    5    5    3    1    2    3    2    7    3    4   14    3    1      5000     66000     12000